MINI>        0  22814.35962      0.00000    503.70666      0.02000
MINI>       10    283.03855  22531.32107     94.21325      0.02150
MINI>       20   -610.28235    893.32089      6.14155      0.00401
MINI>       30   -685.00044     74.71810      6.92729      0.00431
MINI>       40   -742.50682     57.50638      1.95547      0.00193
MINI>       50   -765.12952     22.62270      0.95290      0.00087
MINI>       60   -781.63864     16.50912      1.06062      0.00093
MINI>       70   -794.01601     12.37738      1.46551      0.00100
MINI>       80   -803.91500      9.89899      1.70813      0.00107
MINI>       90   -812.48388      8.56887      1.96753      0.00116
MINI>      100   -819.99909      7.51522      1.90129      0.00124
MINI>      110   -826.21370      6.21460      2.07848      0.00133
MINI>      120   -834.29278      8.07909      0.73039      0.00060
MINI>      130   -839.61713      5.32434      0.49766      0.00064
MINI>      140   -844.85174      5.23461      0.62158      0.00069
MINI>      150   -849.23743      4.38569      1.15537      0.00074
MINI>      160   -853.56788      4.33045      1.30690      0.00080
MINI>      170   -857.46977      3.90189      1.32296      0.00086
MINI>      180   -861.95203      4.48226      0.43108      0.00038
MINI>      190   -864.55795      2.60592      1.54046      0.00099
MINI>      200   -869.02132      4.46337      0.53501      0.00044
MINI>      210   -872.10970      3.08838      0.37740      0.00048
MINI>      220   -875.26225      3.15255      0.77744      0.00051
MINI>      230   -878.37179      3.10954      0.49926      0.00055
MINI>      240   -880.98738      2.61559      0.90309      0.00059
MINI>      250   -883.79678      2.80940      0.99866      0.00064
MINI>      260   -886.34080      2.54402      1.03541      0.00069
MINI>      270   -889.01063      2.66983      1.10244      0.00074
MINI>      280   -891.45450      2.44387      1.19879      0.00079
MINI>      290   -893.93219      2.47769      1.32673      0.00085
MINI>      300   -896.20612      2.27393      1.35864      0.00092
MINI>      310   -899.40980      3.20368      0.32613      0.00041
MINI>      320   -901.99997      2.59017      0.58193      0.00044
MINI>      330   -904.34250      2.34253      0.49445      0.00047
MINI>      340   -906.50539      2.16289      0.75663      0.00051
MINI>      350   -908.73285      2.22746      0.80089      0.00055
MINI>      360   -910.87239      2.13954      0.93093      0.00059
MINI>      370   -912.99947      2.12708      0.94538      0.00063
MINI>      380   -914.94278      1.94331      1.00919      0.00068
MINI>      390   -916.80733      1.86455      1.08414      0.00073
MINI>      400   -919.10997      2.30264      0.36216      0.00033
MINI>      410   -920.75580      1.64583      0.28133      0.00035
MINI>      420   -922.30214      1.54634      0.26493      0.00038
MINI>      430   -923.94135      1.63921      0.34278      0.00041
MINI>      440   -925.26893      1.32758      0.63013      0.00044
MINI>      450   -926.56547      1.29653      0.73999      0.00047
MINI>      460   -927.82442      1.25896      0.75096      0.00050
MINI>      470   -928.92984      1.10542      0.79518      0.00054
MINI>      480   -930.01935      1.08950      0.85073      0.00058
MINI>      490   -931.44334      1.42399      0.28974      0.00026
MINI>      500   -932.44803      1.00470      0.23042      0.00028
MINI>      510   -955.61277     23.16474      0.61763      0.03189
MINI>      520   -965.80622     10.19345      0.66172      0.03088
MINI>      530   -969.58599      3.77977      0.50493      0.01795
MINI>      540   -971.97387      2.38788      0.46106      0.01738
MINI>      550   -977.23135      5.25748      0.94729      0.02806
MINI>      560   -981.31123      4.07987      0.43584      0.01631
MINI>      570   -987.68416      6.37293      0.62971      0.02632
MINI>      580   -995.55877      7.87461      1.43377      0.04197
MINI>      590  -1011.32992     15.77115      1.34860      0.04065
MINI>      600  -1020.40411      9.07419      1.00391      0.03500
MINI>      610  -1027.38870      6.98460      0.55149      0.02034
MINI>      620  -1029.87968      2.49098      0.23217      0.01182
MINI>      630  -1033.96046      4.08078      0.46914      0.01908
MINI>      640  -1035.86211      1.90164      0.36148      0.01109
MINI>      650  -1037.16322      1.30111      0.26794      0.01074
MINI>      660  -1039.26233      2.09912      0.53771      0.01733
MINI>      670  -1041.91529      2.65295      0.49196      0.01679
MINI>      680  -1045.29507      3.37979      0.45782      0.01626
MINI>      690  -1047.31524      2.02017      0.24407      0.00945
MINI>      700  -1047.99679      0.68154      0.13907      0.00549
MINI>      710  -1048.93168      0.93489      0.24119      0.00886
MINI>      720  -1049.81731      0.88564      0.25252      0.00859
MINI>      730  -1051.20633      1.38902      0.23149      0.00832
MINI>      740  -1054.33480      3.12847      0.42476      0.01342
MINI>      750  -1057.09200      2.75720      0.58951      0.02140
MINI>      760  -1059.62420      2.53219      0.37753      0.01382
MINI>      770  -1062.18097      2.55677      0.30658      0.01338
MINI>      780  -1064.49160      2.31063      0.34664      0.01296
MINI>      790  -1066.44697      1.95537      0.23260      0.01256
MINI>      800  -1070.18978      3.74281      0.35744      0.01216
MINI>      810  -1071.30986      1.12007      0.18636      0.00707
MINI>      820  -1071.95454      0.64468      0.15789      0.00684
MINI>      830  -1073.00877      1.05423      0.20301      0.00663
MINI>      840  -1074.39646      1.38770      0.31372      0.01070
MINI>      850  -1076.40403      2.00757      0.51063      0.01728
MINI>      860  -1077.72218      1.31815      0.48941      0.01673
MINI>      870  -1078.60483      0.88265      0.33187      0.00972
MINI>      880  -1078.95370      0.34887      0.16268      0.00565
MINI>      890  -1080.32505      1.37136      0.49812      0.01520
MINI>      900  -1081.12281      0.79776      0.14027      0.00530
MINI>      910  -1082.92238      1.79957      0.30975      0.01426
MINI>      920  -1084.42656      1.50418      0.73634      0.01705
MINI>      930  -1088.19248      3.76592      0.35027      0.01468
MINI>      940  -1091.57185      3.37938      0.28012      0.01422
MINI>      950  -1093.66062      2.08876      0.46875      0.01377
MINI>      960  -1094.68047      1.01986      0.37695      0.01334
MINI>      970  -1095.86044      1.17996      0.14447      0.00775
MINI>      980  -1097.84733      1.98690      0.33213      0.01251
MINI>      990  -1099.16682      1.31949      0.33711      0.01212
MINI>     1000  -1103.75524      4.58842      0.91508      0.03261
MINI>     1010  -1118.22952     14.47428      2.01747      0.08558
MINI>     1020  -1129.96234     11.73282      1.48706      0.04421
MINI>     1030  -1133.28498      3.32264      0.46345      0.01541
MINI>     1040  -1134.97830      1.69332      0.24573      0.00896
MINI>     1050  -1136.13981      1.16151      0.45439      0.01446
MINI>     1060  -1137.19251      1.05270      0.26990      0.00840
MINI>     1070  -1138.53067      1.33816      0.23420      0.01356
MINI>     1080  -1139.38937      0.85870      0.20318      0.00788
MINI>     1090  -1140.12990      0.74053      0.13329      0.00458
MINI>     1100  -1140.65692      0.52703      0.16960      0.00739
MINI>     1110  -1141.68521      1.02828      0.37628      0.01194
MINI>     1120  -1142.50482      0.81962      0.19969      0.00694
MINI>     1130  -1143.07312      0.56830      0.18932      0.00672
MINI>     1140  -1144.37366      1.30054      0.26582      0.01085
MINI>     1150  -1145.48639      1.11272      0.34464      0.01050
MINI>     1160  -1146.37419      0.88780      0.14806      0.00610
MINI>     1170  -1149.68564      3.31145      0.57408      0.01825
MINI>     1180  -1156.93148      7.24585      1.99091      0.05986
MINI>     1190  -1166.55030      9.61882      0.53524      0.02087
MINI>     1200  -1172.98426      6.43396      0.54233      0.02022
MINI>     1210  -1174.51531      1.53105      0.34925      0.01175
MINI>     1220  -1175.58902      1.07371      0.16395      0.00683
MINI>     1230  -1177.52977      1.94075      0.25497      0.01102
MINI>     1240  -1180.53309      3.00332      0.31124      0.01067
MINI>     1250  -1183.38901      2.85592      0.21739      0.01034
MINI>     1260  -1186.12683      2.73782      0.52861      0.01669
MINI>     1270  -1187.75537      1.62854      0.37461      0.01616
MINI>     1280  -1189.81504      2.05967      0.41804      0.01566
MINI>     1290  -1190.66577      0.85073      0.30311      0.00910
MINI>     1300  -1191.41945      0.75368      0.13786      0.00529
MINI>     1310  -1191.96085      0.54140      0.27159      0.00854
MINI>     1320  -1192.47894      0.51809      0.13235      0.00496
MINI>     1330  -1192.93802      0.45907      0.10424      0.00480
MINI>     1340  -1193.30708      0.36907      0.18799      0.00776
MINI>     1350  -1193.45479      0.14771      0.07290      0.00270
MINI>     1360  -1193.62468      0.16989      0.13059      0.00436
MINI>     1370  -1193.72622      0.10154      0.07366      0.00254
MINI>     1380  -1193.81851      0.09228      0.14642      0.00409
MINI>     1390  -1193.88995      0.07145      0.06914      0.00238
MINI>     1400  -1194.11117      0.22121      0.21897      0.00640
MINI>     1410  -1194.24707      0.13590      0.05451      0.00223
MINI>     1420  -1194.26761      0.02054      0.03628      0.00130
MINI>     1430  -1194.45423      0.18662      0.08475      0.00349
MINI>     1440  -1194.52905      0.07482      0.05688      0.00203
MINI>     1450  -1194.54923      0.02019      0.03356      0.00118
MINI>     1460  -1194.56420      0.01497      0.02843      0.00114
MINI>     1470  -1194.57600      0.01180      0.03663      0.00111
MINI>     1480  -1194.59363      0.01763      0.03102      0.00107
MINI>     1490  -1194.74434      0.15071      0.07573      0.00288
MINI>     1500  -1194.80087      0.05653      0.04954      0.00167
