MINI>        0  17925.85104      0.00000    207.47878      0.02000
MINI>       10     69.36043  17856.49061     62.81001      0.02150
MINI>       20   -676.34922    745.70965      2.49010      0.00401
MINI>       30   -749.36005     73.01082      2.00170      0.00180
MINI>       40   -775.81762     26.45758      2.96228      0.00193
MINI>       50   -797.01325     21.19563      0.91543      0.00087
MINI>       60   -810.84535     13.83210      0.94823      0.00093
MINI>       70   -821.52442     10.67907      0.69782      0.00100
MINI>       80   -830.11797      8.59355      1.51664      0.00107
MINI>       90   -837.84006      7.72208      1.71955      0.00116
MINI>      100   -845.34758      7.50752      0.56561      0.00052
MINI>      110   -849.74117      4.39359      1.98472      0.00133
MINI>      120   -856.48674      6.74557      0.52454      0.00060
MINI>      130   -861.30766      4.82092      0.52756      0.00064
MINI>      140   -865.87846      4.57080      0.92793      0.00069
MINI>      150   -869.88912      4.01065      1.01093      0.00074
MINI>      160   -873.31253      3.42342      1.39841      0.00080
MINI>      170   -877.27721      3.96468      0.42699      0.00036
MINI>      180   -880.36275      3.08554      0.48613      0.00038
MINI>      190   -883.07653      2.71378      0.38040      0.00041
MINI>      200   -885.86316      2.78663      0.76153      0.00044
MINI>      210   -888.58220      2.71904      0.48486      0.00048
MINI>      220   -890.92569      2.34349      0.90672      0.00051
MINI>      230   -893.39571      2.47002      0.98803      0.00055
MINI>      240   -895.62622      2.23051      1.03838      0.00059
MINI>      250   -897.92399      2.29778      1.11672      0.00064
MINI>      260   -899.98876      2.06476      1.22093      0.00069
MINI>      270   -902.14548      2.15672      1.29979      0.00074
MINI>      280   -904.92518      2.77971      0.45027      0.00033
MINI>      290   -906.89753      1.97234      0.32334      0.00035
MINI>      300   -909.06437      2.16685      0.61558      0.00038
MINI>      310   -911.12660      2.06222      0.40751      0.00041
MINI>      320   -913.25343      2.12683      0.45517      0.00044
MINI>      330   -915.12640      1.87297      0.79873      0.00047
MINI>      340   -917.20141      2.07500      0.84730      0.00051
MINI>      350   -919.19511      1.99370      0.97854      0.00055
MINI>      360   -921.17839      1.98328      0.96270      0.00059
MINI>      370   -923.11298      1.93459      1.02483      0.00063
MINI>      380   -925.59084      2.47787      0.32832      0.00028
MINI>      390   -927.04713      1.45629      1.17147      0.00073
MINI>      400   -929.57265      2.52552      0.40131      0.00033
MINI>      410   -931.30010      1.72745      0.28748      0.00035
MINI>      420   -933.08310      1.78300      0.37139      0.00038
MINI>      430   -934.72157      1.63847      0.42156      0.00041
MINI>      440   -936.09933      1.37775      0.69263      0.00044
MINI>      450   -937.49721      1.39788      0.82237      0.00047
MINI>      460   -938.80562      1.30842      0.80541      0.00050
MINI>      470   -940.01164      1.20602      0.87972      0.00054
MINI>      480   -941.18525      1.17362      0.94776      0.00058
MINI>      490   -942.60579      1.42053      0.22619      0.00026
MINI>      500   -943.72916      1.12337      0.22510      0.00028
MINI>        0   -943.72916      1.12337      0.22510      0.00000
MINI>       10   -962.34226     18.61311      1.37631      0.05905
MINI>       20   -973.97020     11.62794      1.66352      0.05719
MINI>       30   -981.77829      7.80809      0.50054      0.01994
MINI>       40   -983.82517      2.04688      0.32456      0.01159
MINI>       50   -987.37398      3.54881      0.41478      0.01871
MINI>       60   -993.59381      6.21982      0.41855      0.01812
MINI>       70   -998.18532      4.59151      0.47469      0.01755
MINI>       80  -1004.82724      6.64192      0.80631      0.02833
MINI>       90  -1014.84459     10.01735      0.64133      0.02744
MINI>      100  -1021.94906      7.10447      0.67442      0.02657
MINI>      110  -1029.66530      7.71624      0.70130      0.02574
MINI>      120  -1040.52335     10.85805      0.67419      0.02493
MINI>      130  -1044.89944      4.37609      0.31203      0.01449
MINI>      140  -1048.80928      3.90983      0.36932      0.01403
MINI>      150  -1052.73559      3.92631      0.65794      0.02265
MINI>      160  -1055.07778      2.34219      0.21370      0.00790
MINI>      170  -1057.96580      2.88802      0.43566      0.02125
MINI>      180  -1066.65921      8.69342      0.78013      0.02058
MINI>      190  -1081.42071     14.76150      1.07554      0.03691
MINI>      200  -1086.56155      5.14083      0.62142      0.02145
MINI>      210  -1089.61638      3.05483      0.34279      0.01247
MINI>      220  -1091.09426      1.47789      0.30864      0.01207
MINI>      230  -1093.11343      2.01916      0.22109      0.01169
MINI>      240  -1095.06099      1.94756      0.50348      0.01888
MINI>      250  -1100.55407      5.49308      0.55336      0.01828
MINI>      260  -1103.11835      2.56429      0.27337      0.01063
MINI>      270  -1105.33970      2.22135      0.49336      0.01715
MINI>      280  -1106.52008      1.18037      0.29428      0.00997
MINI>      290  -1107.27792      0.75784      0.29370      0.00965
MINI>      300  -1109.08383      1.80591      0.50024      0.01558
MINI>      310  -1109.90420      0.82037      0.15671      0.00543
MINI>      320  -1110.13730      0.23310      0.14298      0.00526
MINI>      330  -1112.31491      2.17761      0.41013      0.01416
MINI>      340  -1114.40525      2.09034      0.40207      0.01371
MINI>      350  -1116.25958      1.85433      0.38290      0.01328
MINI>      360  -1118.26328      2.00370      0.27523      0.01286
MINI>      370  -1121.14278      2.87949      0.26904      0.01246
MINI>      380  -1124.45839      3.31561      0.57797      0.02011
MINI>      390  -1129.22934      4.77095      0.69507      0.03247
MINI>      400  -1140.76487     11.53553      1.96763      0.05824
MINI>      410  -1145.39352      4.62866      4.19135      0.09170
MINI>      420  -1157.59477     12.20125      0.86222      0.03249
MINI>      430  -1161.11399      3.51922      0.50142      0.01888
MINI>      440  -1163.03798      1.92400      0.28872      0.01097
MINI>      450  -1165.70786      2.66988      1.84607      0.03280
MINI>      460  -1171.17764      5.46977      0.62251      0.02905
MINI>      470  -1172.38290      1.20527      0.58327      0.01928
MINI>      480  -1177.85139      5.46849      0.51899      0.02124
MINI>      490  -1185.77179      7.92041      0.53494      0.02058
MINI>      500  -1193.09746      7.32567      0.79013      0.03321
MINI>      510  -1197.42103      4.32357      0.61633      0.01930
MINI>      520  -1199.50699      2.08596      0.34816      0.01122
MINI>      530  -1200.08688      0.57989      0.16545      0.00652
MINI>      540  -1201.70837      1.62149      0.32033      0.01052
MINI>      550  -1202.78045      1.07208      0.46271      0.01699
MINI>      560  -1203.36273      0.58228      0.11657      0.00592
MINI>      570  -1203.74146      0.37873      0.20612      0.00574
MINI>      580  -1204.17693      0.43548      0.10280      0.00556
MINI>      590  -1204.76446      0.58752      0.23827      0.00897
MINI>      600  -1205.05768      0.29322      0.14096      0.00521
MINI>      610  -1205.41280      0.35512      0.10059      0.00505
MINI>      620  -1205.99402      0.58122      0.21239      0.00815
MINI>      630  -1207.81408      1.82006      0.35127      0.01315
MINI>      640  -1211.65231      3.83823      0.47687      0.02589
MINI>      650  -1213.97145      2.31914      0.31680      0.01486
MINI>      660  -1215.24095      1.26950      0.23759      0.00864
MINI>      670  -1215.73573      0.49477      0.26298      0.00836
MINI>      680  -1217.24827      1.51254      0.33979      0.01350
MINI>      690  -1219.04286      1.79459      0.37733      0.01308
MINI>      700  -1221.96030      2.91744      0.55108      0.02111
MINI>      710  -1225.01099      3.05069      0.44313      0.02045
MINI>      720  -1226.49334      1.48235      0.37144      0.01188
MINI>      730  -1227.41704      0.92371      0.39781      0.01151
MINI>      740  -1228.03730      0.62025      0.17904      0.00669
MINI>      750  -1229.18305      1.14576      0.15562      0.00648
MINI>      760  -1229.35927      0.17622      0.10907      0.00376
MINI>      770  -1229.46311      0.10385      0.10358      0.00365
MINI>      780  -1229.54559      0.08248      0.05620      0.00212
MINI>      790  -1229.68428      0.13869      0.09618      0.00342
MINI>      800  -1229.77799      0.09371      0.10773      0.00331
MINI>      810  -1229.85709      0.07910      0.09682      0.00321
MINI>      820  -1230.03873      0.18164      0.08359      0.00311
MINI>      830  -1230.18447      0.14574      0.08436      0.00301
MINI>      840  -1230.20667      0.02220      0.02987      0.00105
MINI>      850  -1230.22885      0.02218      0.04409      0.00169
MINI>      860  -1230.25199      0.02314      0.02250      0.00098
MINI>      870  -1230.28166      0.02967      0.04672      0.00159
MINI>      880  -1230.29271      0.01106      0.02656      0.00092
MINI>      890  -1230.32035      0.02764      0.07932      0.00248
MINI>      900  -1230.34967      0.02932      0.09261      0.00241
MINI>      910  -1230.35936      0.00969      0.02418      0.00084
MINI>      920  -1230.39397      0.03461      0.03000      0.00135
MINI>      930  -1230.40216      0.00819      0.01799      0.00079
MINI>      940  -1230.41024      0.00808      0.02171      0.00076
MINI>      950  -1230.45365      0.04342      0.03058      0.00123
MINI>      960  -1230.46781      0.01415      0.03403      0.00119
MINI>      970  -1230.47809      0.01028      0.02235      0.00115
MINI>      980  -1230.49451      0.01642      0.02578      0.00112
MINI>      990  -1230.50682      0.01231      0.02369      0.00108
MINI>     1000  -1230.54878      0.04196      0.04417      0.00175
