0.100000 99.037374
0.200000 108.508877
0.300000 114.309736
0.400000 104.062789
0.500000 103.641299
0.600000 101.373020
0.700000 97.858437
0.800000 102.110153
0.900000 104.603337
1.000000 106.187434
1.100000 105.966547
1.200000 104.332476
1.300000 99.525565
1.400000 99.928441
1.500000 102.469132
1.600000 105.589797
1.700000 100.554420
1.800000 104.777173
1.900000 106.052591
2.000000 94.753888
2.100000 98.863494
2.200000 99.249466
2.300000 105.488630
2.400000 111.501709
2.500000 111.973122
2.600000 101.429551
2.700000 104.678725
2.800000 98.619184
2.900000 93.665493
3.000000 107.485894
3.100000 100.923982
3.200000 110.035074
3.300000 100.384928
3.400000 101.387023
3.500000 106.318733
3.600000 105.376268
3.700000 104.476807
3.800000 104.048272
3.900000 102.193929
4.000000 105.969451
4.100000 110.316839
4.200000 106.839771
4.300000 108.391432
4.400000 101.532521
4.500000 101.642823
4.600000 100.790684
4.700000 105.777618
4.800000 106.844361
4.900000 98.661387
5.000000 101.931004
5.100000 106.886575
5.200000 102.953325
5.300000 103.828106
5.400000 104.470359
5.500000 103.627145
5.600000 103.853683
5.700000 105.297502
5.800000 101.388871
5.900000 98.952234
6.000000 103.736324
6.100000 102.467572
6.200000 103.620986
6.300000 102.794117
6.400000 101.816599
6.500000 102.838125
6.600000 103.465140
6.700000 104.785094
6.800000 103.317218
6.900000 105.575831
7.000000 104.951329
7.100000 105.566460
7.200000 106.028895
7.300000 107.288354
7.400000 101.702760
7.500000 96.858938
7.600000 104.432055
7.700000 104.100236
7.800000 101.592772
7.900000 110.656561
8.000000 105.454299
8.100000 99.202506
8.200000 97.785669
8.300000 102.811552
8.400000 102.796233
8.500000 103.048135
8.600000 102.264456
8.700000 103.769598
8.800000 114.230145
8.900000 106.101926
9.000000 102.274278
9.100000 99.162184
9.200000 100.010614
9.300000 102.472066
9.400000 102.011726
9.500000 103.140781
9.600000 105.214872
9.700000 103.100156
9.800000 103.327713
9.900000 108.344024
10.000000 101.471170
10.100000 109.899878
10.200000 103.365960
10.300000 96.810137
10.400000 100.003238
10.500000 100.850813
10.600000 106.391590
10.700000 102.546005
10.800000 103.582549
10.900000 105.391673
11.000000 100.414433
11.100000 104.042131
11.200000 101.224442
11.300000 99.729281
11.400000 102.442400
11.500000 104.691029
11.600000 109.303383
11.700000 108.434685
11.800000 102.507346
11.900000 99.102235
12.000000 100.413587
12.100000 101.442964
12.200000 107.910379
12.300000 106.708503
12.400000 104.813966
12.500000 103.865560
12.600000 102.264401
12.700000 101.137661
12.800000 104.481573
12.900000 106.230691
13.000000 106.140954
13.100000 105.989522
13.200000 100.700899
13.300000 106.725115
13.400000 101.824117
13.500000 105.677958
13.600000 103.472923
13.700000 105.492896
13.800000 108.449713
13.900000 100.574969
14.000000 97.728487
14.100000 100.364601
14.200000 100.318842
14.300000 105.808364
14.400000 108.462770
14.500000 102.854675
14.600000 109.505326
14.700000 104.203376
14.800000 99.896278
14.900000 98.223532
15.000000 99.211309
15.100000 105.400033
15.200000 107.440185
15.300000 108.904894
15.400000 102.802968
15.500000 99.202902
15.600000 103.881011
15.700000 107.821631
15.800000 104.265436
15.900000 106.683948
16.000000 106.543419
16.100000 103.237789
16.200000 106.814075
16.300000 105.678667
16.400000 100.877205
16.500000 104.823769
16.600000 103.189485
16.700000 108.205816
16.800000 110.693709
16.900000 105.955103
17.000000 99.427129
17.100000 101.412535
17.200000 100.067106
17.300000 105.944319
17.400000 108.083103
17.500000 106.459681
17.600000 104.727592
17.700000 98.596868
17.800000 101.442023
17.900000 100.478379
18.000000 104.096373
18.100000 103.275028
18.200000 111.967958
18.300000 103.909072
18.400000 100.278861
18.500000 101.782485
18.600000 102.022549
18.700000 100.505343
18.800000 99.299211
18.900000 100.786066
19.000000 102.224186
19.100000 108.080252
19.200000 103.276280
19.300000 101.182383
19.400000 104.849392
19.500000 98.155445
19.600000 101.399824
19.700000 102.883476
19.800000 108.137619
19.900000 107.235668
20.000000 107.894097
20.100000 108.756992
20.200000 106.738994
20.300000 101.869130
20.400000 101.968100
20.500000 103.243150
20.600000 104.010394
20.700000 108.211973
20.800000 102.104765
20.900000 102.658628
21.000000 102.063830
21.100000 102.212851
21.200000 101.625967
21.300000 100.298702
21.400000 102.217524
21.500000 101.642141
21.600000 102.440723
21.700000 104.514922
21.800000 103.569605
21.900000 101.779238
22.000000 103.079726
22.100000 98.393066
22.200000 98.801971
22.300000 105.935646
22.400000 97.579451
22.500000 100.333978
22.600000 99.238429
22.700000 100.816400
22.800000 103.681213
22.900000 110.040609
23.000000 104.427717
23.100000 95.747318
23.200000 97.443169
23.300000 105.131605
23.400000 108.207584
23.500000 103.768320
23.600000 102.662398
23.700000 99.353155
23.800000 99.065498
23.900000 107.582470
24.000000 102.785514
24.100000 103.296840
24.200000 108.178030
24.300000 98.526132
24.400000 97.043002
24.500000 99.838986
24.600000 97.946761
24.700000 103.724757
24.800000 103.968955
24.900000 101.974679
25.000000 108.648587
25.100000 102.423688
25.200000 104.625923
25.300000 99.369727
25.400000 100.625402
25.500000 104.720817
25.600000 111.855663
25.700000 108.880341
25.800000 107.985814
25.900000 106.292520
26.000000 97.785931
26.100000 99.450024
26.200000 98.277564
26.300000 97.370742
26.400000 105.972247
26.500000 102.262973
26.600000 105.489607
26.700000 104.914038
26.800000 106.727094
26.900000 110.178094
27.000000 104.247772
27.100000 101.283645
27.200000 108.258271
27.300000 107.600336
27.400000 107.392334
27.500000 99.718757
27.600000 101.433868
27.700000 104.112656
27.800000 107.557288
27.900000 107.531622
28.000000 104.891763
28.100000 98.992039
28.200000 98.501750
28.300000 111.752746
28.400000 104.828808
28.500000 95.521775
28.600000 100.644024
28.700000 105.551195
28.800000 113.920216
28.900000 105.628726
29.000000 104.620772
29.100000 99.362457
29.200000 102.927057
29.300000 109.385274
29.400000 107.269891
29.500000 106.696858
29.600000 104.158021
29.700000 105.058475
29.800000 103.162066
29.900000 102.572766
30.000000 105.454270
30.100000 104.743757
30.200000 109.639379
30.300000 102.838502
30.400000 103.101361
30.500000 104.277969
30.600000 105.294281
30.700000 102.233371
30.800000 107.262006
30.900000 107.095712
31.000000 106.499011
31.100000 106.621865
31.200000 103.378306
31.300000 107.020902
31.400000 104.326094
31.500000 108.783194
31.600000 102.002800
31.700000 101.707682
31.800000 99.070604
31.900000 98.037143
32.000000 102.606825
32.100000 109.401328
32.200000 106.046703
32.300000 104.240088
32.400000 107.216663
32.500000 101.578341
32.600000 97.075643
32.700000 102.328705
32.800000 103.450481
32.900000 105.263535
33.000000 105.073596
33.100000 114.573156
33.200000 108.242364
33.300000 100.287955
33.400000 97.326148
33.500000 109.066140
33.600000 101.382504
33.700000 105.025216
33.800000 107.773207
33.900000 111.768707
34.000000 104.540078
34.100000 96.479882
34.200000 99.315065
34.300000 99.504983
34.400000 99.464731
34.500000 103.779357
34.600000 106.476956
34.700000 104.888365
34.800000 101.206947
34.900000 107.087158
35.000000 109.640491
35.100000 99.944858
35.200000 101.063533
35.300000 104.229124
35.400000 99.698243
35.500000 98.837397
35.600000 98.160820
35.700000 102.372940
35.800000 107.848536
35.900000 103.923565
36.000000 101.473999
36.100000 99.847705
36.200000 105.768139
36.300000 105.075187
36.400000 98.645413
36.500000 102.284317
36.600000 105.009036
36.700000 102.366339
36.800000 105.471221
36.900000 98.630087
37.000000 101.224834
37.100000 102.107886
37.200000 104.693294
37.300000 108.884981
37.400000 105.664710
37.500000 100.727954
37.600000 94.190724
37.700000 102.095465
37.800000 105.308329
37.900000 101.799877
38.000000 104.347980
38.100000 106.877989
38.200000 104.471088
38.300000 105.745727
38.400000 99.787269
38.500000 103.864444
38.600000 102.391608
38.700000 104.489389
38.800000 103.682315
38.900000 96.947985
39.000000 103.158206
39.100000 103.952908
39.200000 103.276683
39.300000 97.961728
39.400000 107.436133
39.500000 105.521117
39.600000 102.787176
39.700000 106.658665
39.800000 110.552045
39.900000 110.851782
40.000000 102.600138
40.100000 98.558303
40.200000 101.984913
40.300000 105.761515
40.400000 106.968412
40.500000 104.412050
40.600000 99.900546
40.700000 93.444098
40.800000 106.314850
40.900000 109.386930
41.000000 104.573942
41.100000 97.909226
41.200000 99.758029
41.300000 102.376508
41.400000 107.374323
41.500000 109.488968
41.600000 103.350684
41.700000 105.187887
41.800000 105.767638
41.900000 98.651856
42.000000 101.424268
42.100000 109.177421
42.200000 107.955998
42.300000 109.058444
42.400000 101.281419
42.500000 102.640672
42.600000 104.408678
42.700000 96.311672
42.800000 100.517009
42.900000 101.276540
43.000000 104.669179
43.100000 104.003593
43.200000 108.396101
43.300000 107.997799
43.400000 99.371008
43.500000 103.504061
43.600000 96.645248
43.700000 102.833160
43.800000 98.847367
43.900000 108.362755
44.000000 109.041670
44.100000 103.931856
44.200000 104.501729
44.300000 106.775905
44.400000 102.795426
44.500000 99.686231
44.600000 110.022522
44.700000 100.566270
44.800000 100.089458
44.900000 106.158224
45.000000 105.220936
45.100000 103.810171
45.200000 102.727105
45.300000 98.843939
45.400000 105.840597
45.500000 102.396064
45.600000 108.768421
45.700000 100.836415
45.800000 102.069390
45.900000 106.639230
46.000000 109.293109
46.100000 103.943376
46.200000 97.475924
46.300000 94.135294
46.400000 101.748088
46.500000 103.444810
46.600000 101.576610
46.700000 108.492742
46.800000 108.392984
46.900000 108.316089
47.000000 104.418168
47.100000 95.795277
47.200000 96.411345
47.300000 100.683130
47.400000 106.742253
47.500000 111.704825
47.600000 105.619033
47.700000 99.325588
47.800000 97.200428
47.900000 98.128904
48.000000 95.833074
48.100000 98.928618
48.200000 96.873625
48.300000 100.670952
48.400000 106.534550
48.500000 105.732072
48.600000 100.007644
48.700000 99.393913
48.800000 100.469752
48.900000 103.678340
49.000000 100.886433
49.100000 105.061951
49.200000 104.449849
49.300000 98.343629
49.400000 101.164629
49.500000 98.020101
49.600000 103.614698
49.700000 108.673178
49.800000 103.172198
49.900000 93.773061
50.000000 101.733968
