DYNA>        0      0.00000  -1230.46866      0.00000  -1230.46866      0.00000
DYNA>      100      0.10000  -1230.47037      0.08690  -1230.55727      0.03232
DYNA>      200      0.20000  -1230.47046      0.14643  -1230.61689      0.05446
DYNA>      300      0.30000  -1230.47020      0.24939  -1230.71959      0.09276
DYNA>      300      0.30000  -1203.72524     26.99435  -1230.71959     10.04004
DYNA>      400      0.40000  -1203.64660     23.59738  -1227.24398      8.77660
DYNA>      500      0.50000  -1203.63025     20.07398  -1223.70423      7.46614
DYNA>      600      0.60000  -1203.61167     13.51612  -1217.12779      5.02707
DYNA>      600      0.60000  -1199.98007     17.14772  -1217.12779      6.37777
DYNA>      700      0.70000  -1200.00093     14.12492  -1214.12584      5.25350
DYNA>      800      0.80000  -1200.01921     12.26182  -1212.28103      4.56055
DYNA>      900      0.90000  -1200.00021     12.19517  -1212.19539      4.53577
DYNA>      900      0.90000  -1176.13468     36.06070  -1212.19539     13.41210
DYNA>     1000      1.00000  -1176.05939     30.21186  -1206.27125     11.23673
DYNA>     1100      1.10000  -1176.02770     28.91961  -1204.94732     10.75611
DYNA>     1200      1.20000  -1176.01933     26.25273  -1202.27206      9.76421
DYNA>     1200      1.20000  -1154.95566     47.31640  -1202.27206     17.59844
DYNA>     1300      1.30000  -1154.94469     43.78681  -1198.73150     16.28568
DYNA>     1400      1.40000  -1154.93020     41.04122  -1195.97142     15.26451
DYNA>     1500      1.50000  -1154.91367     38.92605  -1193.83972     14.47781
DYNA>     1500      1.50000  -1132.91423     60.92549  -1193.83972     22.66009
DYNA>     1600      1.60000  -1132.88473     55.27900  -1188.16373     20.55998
DYNA>     1700      1.70000  -1132.91000     51.89076  -1184.80077     19.29979
DYNA>     1800      1.80000  -1132.83918     44.28883  -1177.12801     16.47240
DYNA>     1800      1.80000  -1108.66240     68.46561  -1177.12801     25.46450
DYNA>     1900      1.90000  -1108.62537     57.40630  -1166.03167     21.35119
DYNA>     2000      2.00000  -1108.57867     57.77818  -1166.35685     21.48951
DYNA>     2100      2.10000  -1108.60577     57.56832  -1166.17409     21.41145
DYNA>     2100      2.10000  -1076.16740     90.00669  -1166.17409     33.47629
DYNA>     2200      2.20000  -1076.07276     78.74453  -1154.81730     29.28755
DYNA>     2300      2.30000  -1076.12800     76.00655  -1152.13455     28.26921
DYNA>     2400      2.40000  -1076.08941     76.47046  -1152.55986     28.44175
DYNA>     2400      2.40000  -1048.28453    104.27533  -1152.55986     38.78325
DYNA>     2500      2.50000  -1048.21738     93.92389  -1142.14127     34.93322
DYNA>     2600      2.60000  -1048.18857     93.41208  -1141.60066     34.74287
DYNA>     2700      2.70000  -1048.11778     87.77917  -1135.89695     32.64781
DYNA>     2700      2.70000  -1021.39396    114.50299  -1135.89695     42.58723
DYNA>     2800      2.80000  -1021.36947    101.27942  -1122.64889     37.66897
DYNA>     2900      2.90000  -1021.34775     96.39945  -1117.74720     35.85396
DYNA>     3000      3.00000  -1021.40431    105.93147  -1127.33578     39.39922
DYNA>     3000      3.00000   -989.54558    137.79020  -1127.33578     51.24847
DYNA>     3100      3.10000   -989.43829    117.27563  -1106.71392     43.61846
DYNA>     3200      3.20000   -989.47731    127.90786  -1117.38516     47.57292
DYNA>     3300      3.30000   -989.39938    111.00481  -1100.40419     41.28615
DYNA>     3300      3.30000   -964.77183    135.63236  -1100.40419     50.44590
DYNA>     3400      3.40000   -964.75253    126.70894  -1091.46148     47.12701
DYNA>     3500      3.50000   -964.76976    135.03625  -1099.80601     50.22419
DYNA>     3600      3.60000   -964.81142    134.88746  -1099.69888     50.16885
DYNA>     3600      3.60000   -935.42847    164.27041  -1099.69888     61.09729
DYNA>     3700      3.70000   -935.31591    140.44848  -1075.76439     52.23717
DYNA>     3800      3.80000   -935.28722    152.91033  -1088.19755     56.87212
DYNA>     3900      3.90000   -935.24287    150.17151  -1085.41438     55.85347
DYNA>     3900      3.90000   -909.93693    175.47745  -1085.41438     65.26553
DYNA>     4000      4.00000   -909.87620    161.33099  -1071.20719     60.00402
DYNA>     4100      4.10000   -910.00290    157.32167  -1067.32456     58.51283
DYNA>     4200      4.20000   -909.98503    158.83240  -1068.81743     59.07472
DYNA>     4200      4.20000   -884.34835    184.46908  -1068.81743     68.60980
DYNA>     4300      4.30000   -884.17398    171.02905  -1055.20302     63.61104
DYNA>     4400      4.40000   -884.23173    185.35218  -1069.58391     68.93826
DYNA>     4500      4.50000   -884.18626    169.86406  -1054.05032     63.17774
DYNA>     4500      4.50000   -861.63992    192.41041  -1054.05032     71.56343
DYNA>     4600      4.60000   -861.48578    193.60408  -1055.08987     72.00740
DYNA>     4700      4.70000   -861.63555    201.38568  -1063.02123     74.90161
DYNA>     4800      4.80000   -861.48461    201.40166  -1062.88628     74.90756
DYNA>     4800      4.80000   -843.78775    219.09853  -1062.88628     81.48957
DYNA>     4900      4.90000   -843.85719    201.24749  -1045.10468     74.85022
DYNA>     5000      5.00000   -843.82030    193.54171  -1037.36201     71.98420
DYNA>     5100      5.10000   -843.67598    197.97357  -1041.64955     73.63255
DYNA>     5100      5.10000   -819.80430    221.84526  -1041.64955     82.51117
DYNA>     5200      5.20000   -819.86461    212.89447  -1032.75908     79.18209
DYNA>     5300      5.30000   -819.87489    212.55568  -1032.43058     79.05609
DYNA>     5400      5.40000   -819.94331    215.16174  -1035.10505     80.02536
DYNA>     5400      5.40000   -791.88691    243.21814  -1035.10505     90.46041
DYNA>     5500      5.50000   -791.87456    220.73524  -1012.60980     82.09832
DYNA>     5600      5.60000   -791.74901    211.29080  -1003.03981     78.58564
DYNA>     5700      5.70000   -791.69293    224.32956  -1016.02248     83.43516
DYNA>     5700      5.70000   -753.02772    262.99476  -1016.02248     97.81595
DYNA>     5800      5.80000   -753.01154    227.61889   -980.63043     84.65856
DYNA>     5900      5.90000   -753.01723    222.61476   -975.63199     82.79737
DYNA>     6000      6.00000   -753.01612    233.68854   -986.70466     86.91605
DYNA>     6000      6.00000   -722.92262    263.78204   -986.70466     98.10876
DYNA>     6100      6.10000   -722.78363    264.57152   -987.35515     98.40240
DYNA>     6200      6.20000   -722.79465    261.20143   -983.99607     97.14896
DYNA>     6300      6.30000   -722.89901    252.56445   -975.46346     93.93660
DYNA>     6300      6.30000   -690.74370    284.71977   -975.46346    105.89616
DYNA>     6400      6.40000   -690.66542    264.15446   -954.81987     98.24728
DYNA>     6500      6.50000   -690.50874    272.09014   -962.59888    101.19881
DYNA>     6600      6.60000   -690.52449    269.04931   -959.57380    100.06783
DYNA>     6600      6.60000   -664.19409    295.37971   -959.57380    109.86093
DYNA>     6700      6.70000   -664.13961    272.27631   -936.41593    101.26805
DYNA>     6800      6.80000   -664.14543    280.56039   -944.70583    104.34916
DYNA>     6900      6.90000   -664.22477    293.33086   -957.55563    109.09890
DYNA>     6900      6.90000   -634.45709    323.09854   -957.55563    120.17042
DYNA>     7000      7.00000   -634.27647    307.02405   -941.30052    114.19182
DYNA>     7100      7.10000   -634.28561    301.49300   -935.77861    112.13465
DYNA>     7200      7.20000   -634.33221    299.33863   -933.67085    111.33337
DYNA>     7200      7.20000   -615.34886    318.32199   -933.67085    118.39387
DYNA>     7300      7.30000   -615.20814    330.24351   -945.45165    122.82786
DYNA>     7400      7.40000   -615.19758    336.96586   -952.16344    125.32811
DYNA>     7500      7.50000   -615.29344    339.62531   -954.91874    126.31724
DYNA>     7500      7.50000   -606.87584    348.04290   -954.91874    129.44801
DYNA>     7600      7.60000   -606.86555    342.39952   -949.26507    127.34906
DYNA>     7700      7.70000   -606.76328    334.58763   -941.35091    124.44357
DYNA>     7800      7.80000   -606.88265    329.04334   -935.92599    122.38148
DYNA>     7800      7.80000   -593.78973    342.13626   -935.92599    127.25114
DYNA>     7900      7.90000   -593.61215    342.69591   -936.30806    127.45930
DYNA>     8000      8.00000   -593.71970    337.63273   -931.35242    125.57614
DYNA>     8100      8.10000   -593.59622    330.93064   -924.52687    123.08343
DYNA>     8100      8.10000   -573.61854    350.90832   -924.52687    130.51375
DYNA>     8200      8.20000   -573.78569    357.50978   -931.29547    132.96903
DYNA>     8300      8.30000   -573.62620    344.13061   -917.75681    127.99291
DYNA>     8400      8.40000   -573.74562    351.59138   -925.33700    130.76780
DYNA>     8400      8.40000   -543.51370    381.82330   -925.33700    142.01199
DYNA>     8500      8.50000   -543.40630    374.04009   -917.44639    139.11717
DYNA>     8600      8.60000   -543.37206    354.53087   -897.90292    131.86108
DYNA>     8700      8.70000   -543.44924    364.71114   -908.16038    135.64745
DYNA>     8700      8.70000   -522.19363    385.96675   -908.16038    143.55307
DYNA>     8800      8.80000   -522.10815    387.00521   -909.11336    143.93931
DYNA>     8900      8.90000   -522.13029    397.38616   -919.51645    147.80031
DYNA>     9000      9.00000   -522.09267    381.85959   -903.95226    142.02549
DYNA>     9000      9.00000   -506.06256    397.88970   -903.95226    147.98759
DYNA>     9100      9.10000   -505.94381    376.30986   -882.25367    139.96137
DYNA>     9200      9.20000   -505.96887    383.45894   -889.42781    142.62034
DYNA>     9300      9.30000   -506.11827    382.17755   -888.29582    142.14375
DYNA>     9300      9.30000   -478.05112    410.24469   -888.29582    152.58279
DYNA>     9400      9.40000   -477.86597    412.83296   -890.69894    153.54545
DYNA>     9500      9.50000   -477.90449    408.49906   -886.40355    151.93354
DYNA>     9600      9.60000   -477.97393    421.68684   -899.66077    156.83849
DYNA>     9600      9.60000   -446.66006    453.00072   -899.66077    168.48509
DYNA>     9700      9.70000   -446.39241    415.46106   -861.85347    154.52292
DYNA>     9800      9.80000   -446.33237    420.30372   -866.63609    156.32406
DYNA>     9900      9.90000   -446.45366    402.82682   -849.28047    149.82385
DYNA>     9900      9.90000   -429.18179    420.09868   -849.28047    156.24780
DYNA>    10000     10.00000   -429.02128    432.65369   -861.67496    160.91740
DYNA>    10100     10.10000   -429.09080    421.84435   -850.93515    156.89707
DYNA>    10200     10.20000   -429.22766    395.76536   -824.99302    147.19748
DYNA>    10200     10.20000   -403.72472    421.26830   -824.99302    156.68282
DYNA>    10300     10.30000   -403.63948    437.32997   -840.96945    162.65665
DYNA>    10400     10.40000   -403.71385    441.88359   -845.59744    164.35029
DYNA>    10500     10.50000   -403.48197    454.21070   -857.69267    168.93512
DYNA>    10500     10.50000   -369.15065    488.54202   -857.69267    181.70401
DYNA>    10600     10.60000   -368.89512    479.05588   -847.95101    178.17582
DYNA>    10700     10.70000   -369.05654    459.74808   -828.80462    170.99465
DYNA>    10800     10.80000   -369.01919    465.15058   -834.16977    173.00400
DYNA>    10800     10.80000   -345.55660    488.61316   -834.16977    181.73047
DYNA>    10900     10.90000   -345.67980    477.54927   -823.22907    177.61546
DYNA>    11000     11.00000   -345.54904    470.31206   -815.86110    174.92372
DYNA>    11100     11.10000   -345.54084    477.61472   -823.15556    177.63981
DYNA>    11100     11.10000   -323.36440    499.79115   -823.15556    185.88791
DYNA>    11200     11.20000   -323.26613    488.81846   -812.08459    181.80683
DYNA>    11300     11.30000   -323.50715    469.78584   -793.29299    174.72800
DYNA>    11400     11.40000   -323.33254    497.64074   -820.97328    185.08811
DYNA>    11400     11.40000   -303.08126    517.89202   -820.97328    192.62019
DYNA>    11500     11.50000   -303.06678    485.08332   -788.15011    180.41761
DYNA>    11600     11.60000   -303.19700    509.39867   -812.59567    189.46125
DYNA>    11700     11.70000   -303.16359    505.59586   -808.75945    188.04687
DYNA>    11700     11.70000   -276.23311    532.52634   -808.75945    198.06315
DYNA>    11800     11.80000   -276.32597    511.20718   -787.53315    190.13389
DYNA>    11900     11.90000   -275.76357    494.97150   -770.73507    184.09534
DYNA>    12000     12.00000   -276.03289    535.51363   -811.54653    199.17422
DYNA>    12000     12.00000   -249.63655    561.90997   -811.54653    208.99184
DYNA>    12100     12.10000   -249.68249    521.99439   -771.67688    194.14599
DYNA>    12200     12.20000   -249.24167    524.58739   -773.82905    195.11041
DYNA>    12300     12.30000   -250.01488    531.66513   -781.68001    197.74284
DYNA>    12300     12.30000   -227.84032    553.83969   -781.68001    205.99025
DYNA>    12400     12.40000   -227.31673    517.78540   -745.10212    192.58054
DYNA>    12500     12.50000   -227.15850    522.39564   -749.55413    194.29523
DYNA>    12600     12.60000   -227.51233    536.90572   -764.41805    199.69198
DYNA>    12600     12.60000   -196.75658    567.66146   -764.41805    211.13100
DYNA>    12700     12.70000   -196.59440    560.58448   -757.17888    208.49885
DYNA>    12800     12.80000   -196.31411    552.84768   -749.16179    205.62129
DYNA>    12900     12.90000   -196.77625    538.95117   -735.72742    200.45275
DYNA>    12900     12.90000   -179.56526    556.16216   -735.72742    206.85405
DYNA>    13000     13.00000   -179.43044    562.89437   -742.32481    209.35797
DYNA>    13100     13.10000   -179.47761    559.78501   -739.26262    208.20150
DYNA>    13200     13.20000   -179.60680    567.95757   -747.56437    211.24113
DYNA>    13200     13.20000   -158.34338    589.22099   -747.56437    219.14966
DYNA>    13300     13.30000   -157.94791    589.15283   -747.10074    219.12431
DYNA>    13400     13.40000   -157.68933    567.34939   -725.03873    211.01493
DYNA>    13500     13.50000   -158.06473    586.71422   -744.77895    218.21731
DYNA>    13500     13.50000   -131.58259    613.19636   -744.77895    228.06685
DYNA>    13600     13.60000   -131.64995    592.78437   -724.43433    220.47499
DYNA>    13700     13.70000   -131.54712    595.65885   -727.20596    221.54410
DYNA>    13800     13.80000   -131.22020    575.14435   -706.36455    213.91412
DYNA>    13800     13.80000   -103.05923    603.30533   -706.36455    224.38806
DYNA>    13900     13.90000   -103.23061    603.91249   -707.14310    224.61389
DYNA>    14000     14.00000   -103.10125    610.98976   -714.09101    227.24614
DYNA>    14100     14.10000   -102.94648    621.43084   -724.37732    231.12951
DYNA>    14100     14.10000    -82.34741    642.02991   -724.37732    238.79095
DYNA>    14200     14.20000    -82.39675    627.06284   -709.45960    233.22423
DYNA>    14300     14.30000    -82.72089    615.56953   -698.29042    228.94950
DYNA>    14400     14.40000    -82.63106    627.36898   -710.00004    233.33809
DYNA>    14400     14.40000    -56.49616    653.50388   -710.00004    243.05847
DYNA>    14500     14.50000    -56.53909    628.34577   -684.88486    233.70138
DYNA>    14600     14.60000    -55.79676    610.48855   -666.28532    227.05973
DYNA>    14700     14.70000    -56.42125    640.12382   -696.54507    238.08201
DYNA>    14700     14.70000    -26.91894    669.62613   -696.54507    249.05484
DYNA>    14800     14.80000    -26.62243    644.65169   -671.27413    239.76607
DYNA>    14900     14.90000    -26.74143    643.46485   -670.20627    239.32464
DYNA>    15000     15.00000    -26.80626    632.20159   -659.00786    235.13549
DYNA>    15000     15.00000     -2.25494    656.75292   -659.00786    244.26689
DYNA>    15100     15.10000     -1.76272    640.64450   -642.40722    238.27567
DYNA>    15200     15.20000     -1.69239    624.93830   -626.63069    232.43404
DYNA>    15300     15.30000     -2.13740    678.07295   -680.21036    252.19648
DYNA>    15300     15.30000     37.24708    717.45744   -680.21036    266.84479
DYNA>    15400     15.40000     37.71120    679.06778   -641.35658    252.56648
DYNA>    15500     15.50000     37.16712    680.52597   -643.35885    253.10883
DYNA>    15600     15.60000     37.65592    687.52002   -649.86410    255.71013
DYNA>    15600     15.60000     57.56967    707.43376   -649.86410    263.11668
DYNA>    15700     15.70000     58.03354    679.93685   -621.90331    252.88972
DYNA>    15800     15.80000     57.26166    686.58061   -629.31895    255.36074
DYNA>    15900     15.90000     56.93068    700.91473   -643.98405    260.69205
DYNA>    15900     15.90000     84.20155    728.18560   -643.98405    270.83493
DYNA>    16000     16.00000     85.17805    721.96598   -636.78793    268.52166
DYNA>    16100     16.10000     85.00227    703.37721   -618.37494    261.60792
DYNA>    16200     16.20000     85.24505    669.10530   -583.86026    248.86113
DYNA>    16200     16.20000    101.00454    684.86480   -583.86026    254.72258
DYNA>    16300     16.30000    100.91632    702.99486   -602.07854    261.46571
DYNA>    16400     16.40000    100.96192    706.84755   -605.88563    262.89864
DYNA>    16500     16.50000    100.63636    706.51221   -605.87585    262.77392
DYNA>    16500     16.50000    126.90549    732.78135   -605.87585    272.54423
DYNA>    16600     16.60000    127.17673    716.24061   -589.06388    266.39222
DYNA>    16700     16.70000    127.19572    734.69429   -607.49857    273.25572
DYNA>    16800     16.80000    127.00270    720.28835   -593.28565    267.89770
DYNA>    16800     16.80000    149.66459    742.95024   -593.28565    276.32636
DYNA>    16900     16.90000    150.01969    766.55088   -616.53119    285.10418
DYNA>    17000     17.00000    149.96167    740.95318   -590.99151    275.58359
DYNA>    17100     17.10000    149.53682    758.54454   -609.00772    282.12637
DYNA>    17100     17.10000    173.53450    782.54222   -609.00772    291.05185
DYNA>    17200     17.20000    173.55899    748.13074   -574.57175    278.25315
DYNA>    17300     17.30000    174.39601    759.63375   -585.23774    282.53148
DYNA>    17400     17.40000    174.05898    734.20630   -560.14732    273.07422
DYNA>    17400     17.40000    212.67890    772.82621   -560.14732    287.43817
DYNA>    17500     17.50000    212.34098    791.76746   -579.42648    294.48301
DYNA>    17600     17.60000    212.32769    782.88932   -570.56163    291.18095
DYNA>    17700     17.70000    212.87185    784.30513   -571.43328    291.70753
DYNA>    17700     17.70000    238.79839    810.23167   -571.43328    301.35043
DYNA>    17800     17.80000    239.00980    781.36936   -542.35957    290.61563
DYNA>    17900     17.90000    239.53108    765.91028   -526.37920    284.86592
DYNA>    18000     18.00000    239.43019    777.59866   -538.16847    289.21319
DYNA>    18000     18.00000    263.75156    801.92003   -538.16847    298.25906
DYNA>    18100     18.10000    263.62977    793.58238   -529.95261    295.15803
DYNA>    18200     18.20000    263.33116    771.34704   -508.01589    286.88802
DYNA>    18300     18.30000    263.75473    787.68415   -523.92942    292.96430
DYNA>    18300     18.30000    278.08992    802.01935   -523.92942    298.29600
DYNA>    18400     18.40000    278.00868    795.83762   -517.82895    295.99683
DYNA>    18500     18.50000    277.34262    799.26769   -521.92506    297.27258
DYNA>    18600     18.60000    277.88006    796.82438   -518.94431    296.36383
DYNA>    18700     18.70000    278.25669    770.22237   -491.96568    286.46972
DYNA>    18800     18.80000    277.46252    797.69010   -520.22758    296.68582
DYNA>    18900     18.90000    277.59011    790.60994   -513.01983    294.05249
DYNA>    19000     19.00000    277.82498    792.17372   -514.34874    294.63411
DYNA>    19100     19.10000    277.54616    820.36153   -542.81537    305.11803
DYNA>    19200     19.20000    277.46292    806.20870   -528.74578    299.85416
DYNA>    19300     19.30000    277.55918    798.19417   -520.63499    296.87330
DYNA>    19400     19.40000    278.60564    792.88043   -514.27480    294.89696
DYNA>    19500     19.50000    277.76652    813.69683   -535.93031    302.63923
DYNA>    19600     19.60000    277.93352    811.93753   -534.00401    301.98489
DYNA>    19700     19.70000    278.40416    782.57353   -504.16937    291.06350
DYNA>    19800     19.80000    277.36084    806.95165   -529.59081    300.13048
DYNA>    19900     19.90000    277.76563    817.27391   -539.50828    303.96965
DYNA>    20000     20.00000    277.09893    824.16400   -547.06507    306.53229
