DYNA>        0      0.00000    462.49598   1009.68310   -547.18712    375.53263
DYNA>      100      0.10000    467.09491    914.99960   -447.90469    340.31688
DYNA>      200      0.20000    467.79035    910.71737   -442.92702    338.72419
DYNA>      300      0.30000    466.29734    889.13218   -422.83484    330.69598
DYNA>      400      0.40000    468.27736    881.79572   -413.51836    327.96733
DYNA>      500      0.50000    468.78288    859.99029   -391.20741    319.85721
DYNA>      600      0.60000    467.72575    887.91025   -420.18450    330.24151
DYNA>      700      0.70000    468.60183    861.96073   -393.35890    320.59007
DYNA>      800      0.80000    466.44202    901.55549   -435.11348    335.31660
DYNA>      900      0.90000    467.81402    883.61232   -415.79831    328.64298
DYNA>     1000      1.00000    467.51380    899.54545   -432.03165    334.56900
DYNA>     1000      1.00000    295.35716    727.38881   -432.03165    270.53858
DYNA>     1100      1.10000    293.66415    817.87555   -524.21140    304.19342
DYNA>     1200      1.20000    295.32545    803.85988   -508.53442    298.98055
DYNA>     1300      1.30000    294.29214    794.58204   -500.28990    295.52984
DYNA>     1400      1.40000    293.50942    812.30887   -518.79946    302.12300
DYNA>     1500      1.50000    294.16011    802.64462   -508.48451    298.52856
DYNA>     1600      1.60000    293.52624    816.76015   -523.23391    303.77857
DYNA>     1700      1.70000    293.95422    812.96641   -519.01218    302.36756
DYNA>     1800      1.80000    293.58187    805.05995   -511.47808    299.42690
DYNA>     1900      1.90000    294.12083    809.20130   -515.08047    300.96720
DYNA>     2000      2.00000    293.03816    812.18747   -519.14931    302.07785
DYNA>     2000      2.00000    285.19424    804.34356   -519.14931    299.16045
DYNA>     2100      2.10000    285.82696    789.24160   -503.41464    293.54356
DYNA>     2200      2.20000    286.47231    797.52356   -511.05126    296.62388
DYNA>     2300      2.30000    286.30539    789.22830   -502.92291    293.53862
DYNA>     2400      2.40000    285.84525    791.35335   -505.50810    294.32899
DYNA>     2500      2.50000    286.84878    803.97276   -517.12398    299.02254
DYNA>     2600      2.60000    285.53718    819.03086   -533.49368    304.62312
DYNA>     2700      2.70000    285.67346    810.11560   -524.44214    301.30725
DYNA>     2800      2.80000    286.34538    803.53012   -517.18474    298.85791
DYNA>     2900      2.90000    286.57175    793.40626   -506.83451    295.09253
DYNA>     3000      3.00000    285.69360    816.68689   -530.99328    303.75132
DYNA>     3000      3.00000    279.95158    810.94486   -530.99328    301.61568
DYNA>     3100      3.10000    280.89788    803.29102   -522.39313    298.76898
DYNA>     3200      3.20000    280.65565    800.20331   -519.54766    297.62057
DYNA>     3300      3.30000    279.57004    814.98580   -535.41576    303.11863
DYNA>     3400      3.40000    280.91444    801.34401   -520.42958    298.04483
DYNA>     3500      3.50000    279.47118    825.03454   -545.56336    306.85607
DYNA>     3600      3.60000    280.09282    808.70581   -528.61299    300.78291
DYNA>     3700      3.70000    280.56451    805.97295   -525.40844    299.76647
DYNA>     3800      3.80000    279.52780    780.40852   -500.88072    290.25826
DYNA>     3900      3.90000    279.16859    825.25902   -546.09042    306.93956
DYNA>     4000      4.00000    280.14505    791.09338   -510.94833    294.23230
DYNA>     4000      4.00000    284.27114    795.21946   -510.94833    295.76692
DYNA>     4100      4.10000    284.36710    806.26162   -521.89452    299.87384
DYNA>     4200      4.20000    282.85033    820.33537   -537.48503    305.10830
DYNA>     4300      4.30000    283.58833    820.13486   -536.54653    305.03373
DYNA>     4400      4.40000    284.97992    787.63504   -502.65512    292.94603
DYNA>     4500      4.50000    283.74594    797.79724   -514.05131    296.72567
DYNA>     4600      4.60000    284.73542    789.86306   -505.12764    293.77470
DYNA>     4700      4.70000    283.86881    813.89374   -530.02493    302.71246
DYNA>     4800      4.80000    283.50395    799.03001   -515.52606    297.18418
DYNA>     4900      4.90000    283.81873    803.36884   -519.55011    298.79792
DYNA>     5000      5.00000    283.60031    801.28650   -517.68620    298.02344
DYNA>     5000      5.00000    281.55054    799.23674   -517.68620    297.26107
DYNA>     5100      5.10000    281.86680    801.77895   -519.91214    298.20659
DYNA>     5200      5.20000    281.31520    812.67302   -531.35782    302.25844
DYNA>     5300      5.30000    281.18009    826.81796   -545.63788    307.51938
DYNA>     5400      5.40000    282.04600    804.08236   -522.03636    299.06331
DYNA>     5500      5.50000    282.16412    805.44362   -523.27950    299.56960
DYNA>     5600      5.60000    281.57980    836.28964   -554.70984    311.04219
DYNA>     5700      5.70000    282.27297    800.35705   -518.08408    297.67775
DYNA>     5800      5.80000    282.19662    797.02447   -514.82786    296.43826
DYNA>     5900      5.90000    281.30972    790.26794   -508.95822    293.92529
DYNA>     6000      6.00000    281.72501    818.41002   -536.68501    304.39221
DYNA>     6000      6.00000    276.11368    812.79869   -536.68501    302.30518
DYNA>     6100      6.10000    275.52978    810.37090   -534.84112    301.40221
DYNA>     6200      6.20000    275.41823    832.98560   -557.56737    309.81332
DYNA>     6300      6.30000    275.80412    816.00287   -540.19875    303.49691
DYNA>     6400      6.40000    276.21974    817.39659   -541.17685    304.01528
DYNA>     6500      6.50000    276.11043    799.91380   -523.80337    297.51289
DYNA>     6600      6.60000    275.32039    840.72199   -565.40160    312.69072
DYNA>     6700      6.70000    276.52024    811.37286   -534.85262    301.77487
DYNA>     6800      6.80000    276.95398    801.79354   -524.83956    298.21202
DYNA>     6900      6.90000    275.45054    813.72801   -538.27747    302.65082
DYNA>     7000      7.00000    276.18373    776.49829   -500.31456    288.80393
DYNA>     7000      7.00000    281.86134    782.17589   -500.31456    290.91561
DYNA>     7100      7.10000    282.52947    805.76860   -523.23913    299.69047
DYNA>     7200      7.20000    281.89116    812.53301   -530.64185    302.20636
DYNA>     7300      7.30000    282.29386    768.69054   -486.39668    285.89998
DYNA>     7400      7.40000    281.95599    817.31918   -535.36319    303.98649
DYNA>     7500      7.50000    282.62164    783.11083   -500.48919    291.26334
DYNA>     7600      7.60000    282.28278    763.90945   -481.62667    284.12175
DYNA>     7700      7.70000    281.25777    820.21708   -538.95931    305.06431
DYNA>     7800      7.80000    282.05340    805.30486   -523.25146    299.51799
DYNA>     7900      7.90000    281.24824    801.77707   -520.52883    298.20589
DYNA>     8000      8.00000    281.51182    811.23291   -529.72109    301.72282
DYNA>     8000      8.00000    282.70440    812.42549   -529.72109    302.16637
DYNA>     8100      8.10000    283.76941    807.28779   -523.51838    300.25550
DYNA>     8200      8.20000    284.05523    804.99147   -520.93624    299.40143
DYNA>     8300      8.30000    283.54081    782.93980   -499.39899    291.19973
DYNA>     8400      8.40000    283.05067    819.54779   -536.49711    304.81538
DYNA>     8500      8.50000    283.27844    826.65390   -543.37546    307.45836
DYNA>     8600      8.60000    283.18161    805.43619   -522.25458    299.56684
DYNA>     8700      8.70000    282.20122    816.28275   -534.08153    303.60101
DYNA>     8800      8.80000    283.11206    799.09381   -515.98175    297.20791
DYNA>     8900      8.90000    283.94206    806.99718   -523.05512    300.14742
DYNA>     9000      9.00000    283.28017    802.51796   -519.23779    298.48146
DYNA>     9000      9.00000    277.57537    796.81316   -519.23779    296.35966
DYNA>     9100      9.10000    277.24993    800.76706   -523.51713    297.83024
DYNA>     9200      9.20000    278.36037    799.58964   -521.22926    297.39232
DYNA>     9300      9.30000    278.17319    806.98541   -528.81222    300.14304
DYNA>     9400      9.40000    277.84451    760.85060   -483.00609    282.98406
DYNA>     9500      9.50000    277.68411    795.27839   -517.59428    295.78883
DYNA>     9600      9.60000    278.11538    801.26067   -523.14530    298.01383
DYNA>     9700      9.70000    277.00130    792.43416   -515.43286    294.73097
DYNA>     9800      9.80000    277.10562    810.83964   -533.73403    301.57655
DYNA>     9900      9.90000    277.54886    792.21266   -514.66380    294.64859
DYNA>    10000     10.00000    277.35157    811.58678   -534.23522    301.85443
DYNA>    10000     10.00000    283.76198    817.99720   -534.23522    304.23867
DYNA>    10100     10.10000    284.18580    820.74807   -536.56227    305.26180
DYNA>    10200     10.20000    284.21440    794.10856   -509.89415    295.35374
DYNA>    10300     10.30000    284.55087    826.44108   -541.89022    307.37921
DYNA>    10400     10.40000    284.31049    794.56784   -510.25735    295.52456
DYNA>    10500     10.50000    283.57002    794.69930   -511.12928    295.57345
DYNA>    10600     10.60000    283.56020    804.80990   -521.24969    299.33390
DYNA>    10700     10.70000    283.30470    843.31373   -560.00903    313.65467
DYNA>    10800     10.80000    284.07639    809.21522   -525.13883    300.97237
DYNA>    10900     10.90000    283.71770    791.01128   -507.29358    294.20176
DYNA>    11000     11.00000    283.25457    815.63438   -532.37981    303.35986
DYNA>    11000     11.00000    278.05075    810.43056   -532.37981    301.42440
DYNA>    11100     11.10000    279.82389    804.66167   -524.83778    299.27877
DYNA>    11200     11.20000    278.42122    805.00130   -526.58007    299.40508
DYNA>    11300     11.30000    278.95906    808.46862   -529.50956    300.69469
DYNA>    11400     11.40000    279.14765    795.27203   -516.12438    295.78647
DYNA>    11500     11.50000    278.44461    820.01874   -541.57414    304.99054
DYNA>    11600     11.60000    279.51606    805.55570   -526.03963    299.61128
DYNA>    11700     11.70000    278.87401    795.86784   -516.99383    296.00807
DYNA>    11800     11.80000    278.31005    811.92698   -533.61693    301.98096
DYNA>    11900     11.90000    278.34138    803.45724   -525.11586    298.83080
DYNA>    12000     12.00000    277.89978    815.97302   -538.07325    303.48581
DYNA>    12000     12.00000    278.01772    816.09097   -538.07325    303.52968
DYNA>    12100     12.10000    278.19263    798.06355   -519.87091    296.82472
DYNA>    12200     12.20000    278.39459    804.57239   -526.17781    299.24556
DYNA>    12300     12.30000    277.85626    840.02713   -562.17087    312.43228
DYNA>    12400     12.40000    278.98749    816.51421   -537.52672    303.68710
DYNA>    12500     12.50000    278.28809    840.40494   -562.11684    312.57280
DYNA>    12600     12.60000    279.22712    807.95665   -528.72953    300.50427
DYNA>    12700     12.70000    278.60653    802.93512   -524.32859    298.63661
DYNA>    12800     12.80000    278.52525    788.68733   -510.16208    293.33741
DYNA>    12900     12.90000    279.28877    806.93195   -527.64318    300.12315
DYNA>    13000     13.00000    278.61089    820.25367   -541.64278    305.07792
DYNA>    13000     13.00000    278.35825    820.00103   -541.64278    304.98395
DYNA>    13100     13.10000    278.68295    799.01576   -520.33281    297.17888
DYNA>    13200     13.20000    278.76181    814.44381   -535.68201    302.91705
DYNA>    13300     13.30000    278.72897    812.50366   -533.77469    302.19545
DYNA>    13400     13.40000    278.19645    818.63823   -540.44178    304.47709
DYNA>    13500     13.50000    277.99730    809.80080   -531.80350    301.19017
DYNA>    13600     13.60000    279.64988    794.94704   -515.29717    295.66559
DYNA>    13700     13.70000    278.87468    786.26306   -507.38838    292.43575
DYNA>    13800     13.80000    278.45682    813.34419   -534.88737    302.50807
DYNA>    13900     13.90000    278.34804    831.92688   -553.57884    309.41955
DYNA>    14000     14.00000    278.35125    806.41538   -528.06413    299.93103
DYNA>    14000     14.00000    273.12894    801.19308   -528.06413    297.98869
DYNA>    14100     14.10000    273.92453    809.73316   -535.80863    301.16501
DYNA>    14200     14.20000    272.44090    813.16183   -540.72093    302.44024
DYNA>    14300     14.30000    272.69545    823.62242   -550.92697    306.33086
DYNA>    14400     14.40000    273.31947    808.39852   -535.07904    300.66862
DYNA>    14500     14.50000    274.11148    797.96974   -523.85826    296.78983
DYNA>    14600     14.60000    273.45251    801.27087   -527.81836    298.01762
DYNA>    14700     14.70000    272.83488    811.35070   -538.51582    301.76663
DYNA>    14800     14.80000    272.77433    817.63515   -544.86082    304.10401
DYNA>    14900     14.90000    273.66165    778.95401   -505.29236    289.71729
DYNA>    15000     15.00000    271.96545    831.86360   -559.89815    309.39601
DYNA>    15000     15.00000    275.35196    835.25011   -559.89815    310.65556
DYNA>    15100     15.10000    276.12311    814.10794   -537.98483    302.79213
DYNA>    15200     15.20000    277.40094    801.00749   -523.60655    297.91966
DYNA>    15300     15.30000    276.67922    813.00237   -536.32314    302.38093
DYNA>    15400     15.40000    275.99164    851.65503   -575.66338    316.75706
DYNA>    15500     15.50000    277.22566    780.08519   -502.85954    290.13801
DYNA>    15600     15.60000    276.88337    790.57021   -513.68683    294.03771
DYNA>    15700     15.70000    276.82211    804.02949   -527.20739    299.04364
DYNA>    15800     15.80000    276.96361    795.16622   -518.20261    295.74711
DYNA>    15900     15.90000    277.12088    806.25672   -529.13584    299.87202
DYNA>    16000     16.00000    277.07823    809.28367   -532.20544    300.99783
DYNA>    16000     16.00000    274.26925    806.47469   -532.20544    299.95309
DYNA>    16100     16.10000    273.88024    803.94881   -530.06856    299.01363
DYNA>    16200     16.20000    274.19162    801.02588   -526.83426    297.92650
DYNA>    16300     16.30000    273.68976    797.83162   -524.14185    296.73846
DYNA>    16400     16.40000    274.27462    799.46124   -525.18662    297.34456
DYNA>    16500     16.50000    273.46149    810.14884   -536.68735    301.31962
DYNA>    16600     16.60000    273.95610    806.15168   -532.19558    299.83295
DYNA>    16700     16.70000    273.84897    814.46819   -540.61923    302.92612
DYNA>    16800     16.80000    274.51461    790.25851   -515.74391    293.92178
DYNA>    16900     16.90000    274.06481    818.64586   -544.58105    304.47992
DYNA>    17000     17.00000    273.69951    793.36095   -519.66144    295.07568
DYNA>    17000     17.00000    273.31811    792.97955   -519.66144    294.93382
DYNA>    17100     17.10000    273.28660    778.25586   -504.96926    289.45762
DYNA>    17200     17.20000    274.13708    816.22150   -542.08442    303.57823
DYNA>    17300     17.30000    272.07837    836.64673   -564.56837    311.17501
DYNA>    17400     17.40000    273.63353    811.39073   -537.75720    301.78152
DYNA>    17500     17.50000    274.41091    792.86300   -518.45209    294.89048
DYNA>    17600     17.60000    273.30837    804.22132   -530.91296    299.11499
DYNA>    17700     17.70000    272.85527    810.53260   -537.67733    301.46235
DYNA>    17800     17.80000    272.96869    827.89949   -554.93080    307.92164
DYNA>    17900     17.90000    273.38646    824.34750   -550.96104    306.60054
DYNA>    18000     18.00000    271.93475    822.72543   -550.79068    305.99724
DYNA>    18000     18.00000    274.53165    825.32233   -550.79068    306.96311
DYNA>    18100     18.10000    275.25971    805.90403   -530.64432    299.74084
DYNA>    18200     18.20000    275.99871    813.87824   -537.87954    302.70670
DYNA>    18300     18.30000    275.41060    829.36604   -553.95544    308.46709
DYNA>    18400     18.40000    274.59694    832.82736   -558.23041    309.75446
DYNA>    18500     18.50000    276.18830    785.78171   -509.59341    292.25672
DYNA>    18600     18.60000    276.52137    791.34484   -514.82347    294.32582
DYNA>    18700     18.70000    276.26848    817.30874   -541.04026    303.98261
DYNA>    18800     18.80000    276.64399    785.27178   -508.62779    292.06706
DYNA>    18900     18.90000    275.09248    826.16570   -551.07322    307.27678
DYNA>    19000     19.00000    276.39596    797.91693   -521.52097    296.77019
DYNA>    19000     19.00000    276.16762    797.68859   -521.52097    296.68526
DYNA>    19100     19.10000    276.57519    782.56286   -505.98767    291.05953
DYNA>    19200     19.20000    276.15994    810.50470   -534.34476    301.45197
DYNA>    19300     19.30000    275.15031    813.86793   -538.71762    302.70286
DYNA>    19400     19.40000    275.62236    811.39535   -535.77299    301.78323
DYNA>    19500     19.50000    275.52899    827.92899   -552.40000    307.93261
DYNA>    19600     19.60000    275.44467    815.55268   -540.10801    303.32947
DYNA>    19700     19.70000    275.06191    827.60916   -552.54725    307.81366
DYNA>    19800     19.80000    275.42422    825.08269   -549.65847    306.87398
DYNA>    19900     19.90000    275.86809    799.12875   -523.26066    297.22090
DYNA>    20000     20.00000    275.44521    829.09685   -553.65165    308.36697
