       0.100000       2.049474     101.721651      98.176719
       0.200000       1.975500     105.636229     101.082559
       0.300000       2.034186     107.523040      89.399246
       0.400000       2.034364     103.773115     107.545935
       0.500000       2.037238     101.360917     116.117994
       0.600000       2.051523     106.199980      99.637586
       0.700000       2.021198     109.942279     109.078332
       0.800000       2.055673     104.754483      99.035533
       0.900000       2.050766     102.688908     102.158568
       1.000000       2.036235     103.346777     109.455971
       1.100000       2.026541     103.484396      93.282505
       1.200000       2.018726     107.841937     108.070622
       1.300000       2.064246     107.452099      95.486906
       1.400000       2.017470     106.579746     100.287844
       1.500000       2.032533      99.422714     120.573912
       1.600000       2.032454     109.364381     103.237937
       1.700000       2.058906     100.003853      98.137296
       1.800000       1.996676      99.872676     111.026384
       1.900000       2.048830     101.305464      95.274561
       2.000000       2.019860     100.315325     104.904221
       2.100000       2.055276     104.376660     120.917180
       2.200000       2.001079     105.618138     102.821429
       2.300000       2.056512     104.867500     106.705217
       2.400000       2.071828     102.838074     130.280581
       2.500000       1.961468     111.165538     110.275057
       2.600000       2.105281     106.703811      97.357659
       2.700000       2.012772     103.779511     102.202003
       2.800000       2.032852     104.753787     108.104114
       2.900000       2.036989     103.461684     111.170079
       3.000000       2.060967     108.633276     114.352542
       3.100000       2.002127     106.857724     117.510516
       3.200000       2.043209     107.417604     100.082580
       3.300000       2.076724     106.033514     111.368394
       3.400000       2.039518     106.080265     116.732934
       3.500000       2.051633     103.688867      97.277602
       3.600000       2.007450     101.324727     102.318272
       3.700000       2.050549     106.742799     120.041595
       3.800000       1.999173     106.522647     106.315888
       3.900000       2.075349     104.869834      90.494285
       4.000000       2.010741     100.916096     115.207474
       4.100000       2.039912     105.031254     106.824882
       4.200000       2.050643     101.772331     115.435757
       4.300000       2.004420     102.837925     121.766600
       4.400000       2.052833     107.462547      93.371646
       4.500000       2.030024     108.381317     107.180557
       4.600000       2.030928      99.591565     110.497369
       4.700000       2.010927     102.907866      93.008533
       4.800000       2.068660     101.443657      88.010165
       4.900000       2.003077     103.388416     107.678727
       5.000000       2.080139     103.528660      97.086345
       5.100000       1.986073     107.251664     106.454773
       5.200000       2.067522     104.288986     106.926547
       5.300000       2.028788     108.627545     104.997521
       5.400000       2.036445     115.147780     108.069760
       5.500000       2.074573     107.550599     124.490369
       5.600000       2.042483     104.727760     108.227900
       5.700000       2.000823     102.968936     106.991235
       5.800000       2.061694     103.426853     103.333741
       5.900000       2.039536     107.957249     104.541639
       6.000000       2.049646     106.134017     119.542586
       6.100000       2.000659     106.520102     107.697801
       6.200000       2.090669     106.630439     105.901461
       6.300000       1.980256     105.279567     118.407347
       6.400000       2.082973     105.036021     100.456992
       6.500000       1.983466     103.644968     100.953105
       6.600000       2.049674     103.954970     115.964303
       6.700000       2.011074     107.330604     101.309481
       6.800000       2.062679     109.294755     106.667698
       6.900000       2.020050     106.760874     114.102739
       7.000000       2.047202     105.191371      91.943444
       7.100000       2.023217     103.467369      98.244543
       7.200000       2.060482      98.374003     106.964781
       7.300000       2.026915     111.352561     100.497371
       7.400000       2.037534      98.678039     111.414412
       7.500000       2.022869      95.101162      99.510974
       7.600000       2.009802     101.483904      93.240681
       7.700000       2.060304     108.182136     103.434250
       7.800000       2.008798     107.816554     108.192749
       7.900000       2.061878     107.927298     101.377321
       8.000000       2.022875     105.270069     102.595506
       8.100000       2.059564     103.357790     111.192367
       8.200000       2.016794     106.338112     106.815660
       8.300000       2.029943     104.285805     101.833114
       8.400000       2.014108      99.880337     106.201504
       8.500000       2.020477     106.603717     105.857629
       8.600000       2.076157     110.807410     108.450004
       8.700000       1.987250     109.292051     117.325824
       8.800000       2.109553     105.208255     111.235671
       8.900000       1.991498     100.958112     102.379218
       9.000000       2.044861     102.359917     103.650683
       9.100000       1.993330     103.427633      97.519921
       9.200000       2.079249     103.300715      95.593899
       9.300000       2.027069     104.313562     114.705651
       9.400000       2.075373     102.788317     108.585969
       9.500000       2.032449     107.100731     111.481914
       9.600000       2.023966     107.091040     110.185606
       9.700000       2.039304     105.420569     101.328358
       9.800000       2.018703     104.554181     105.887802
       9.900000       2.023013     104.046056     105.142053
      10.000000       2.011584     107.506536      98.610244
      10.100000       2.073858     100.533215      91.268888
      10.200000       1.979157     101.481951     112.686320
      10.300000       2.071682     103.679480     100.967752
      10.400000       1.980049     109.382148     100.210683
      10.500000       2.109498     107.925423     110.315733
      10.600000       2.016980     110.539922     103.816611
      10.700000       2.060021     105.971563     104.804848
      10.800000       2.023991     103.882855     107.724882
      10.900000       2.029228     101.526791      92.775996
      11.000000       2.071792     103.717809      90.747317
      11.100000       1.995652     101.473003     119.600621
      11.200000       2.060748     111.329702     108.113850
      11.300000       2.035047     108.413846     112.484030
      11.400000       2.060968     107.490911     104.077720
      11.500000       1.967741     109.593168      92.982132
      11.600000       2.069757     102.167906     110.195258
      11.700000       2.007474     105.254697     112.743843
      11.800000       1.985506     105.169834      88.023158
      11.900000       2.016034     100.917542     102.611635
      12.000000       2.053185     104.344248     106.929867
      12.100000       2.038493     108.860972     102.228230
      12.200000       2.008429     104.413279     107.981289
      12.300000       2.081427     104.130863     113.269468
      12.400000       2.026697     108.415119     121.240556
      12.500000       2.090723     108.984136     106.427342
      12.600000       1.966985     108.991951     103.495702
      12.700000       2.112265     103.286770     115.926293
      12.800000       1.968542     104.840917     105.120849
      12.900000       2.036846     104.653247     109.008788
      13.000000       2.087279     102.609676     113.464532
      13.100000       1.984256     108.939925      96.318173
      13.200000       2.105671     106.091504      97.568523
      13.300000       1.965074     108.470313     101.486161
      13.400000       2.099037     103.858537     117.555528
      13.500000       1.982989     100.561032     105.233342
      13.600000       2.040922     102.379031      89.462495
      13.700000       2.031207     105.831263      91.658378
      13.800000       2.091106     105.370522      95.467569
      13.900000       1.955365     103.564881     115.964636
      14.000000       2.058525      95.711479     115.387328
      14.100000       2.020362     101.845801     103.859892
      14.200000       1.968015     111.439875     104.968954
      14.300000       2.138957     110.144166      99.301198
      14.400000       1.993600     116.119683      92.545895
      14.500000       2.114740     101.208837     107.490758
      14.600000       1.967164     104.732703     105.865984
      14.700000       2.065777     102.218421     102.665345
      14.800000       2.028206     107.467782     102.383613
      14.900000       2.063793     104.573548     101.790526
      15.000000       2.050171     103.549707     104.305587
      15.100000       2.036072     102.939995     110.089120
      15.200000       2.020179     107.335938     114.535784
      15.300000       2.037874     109.710602     108.851458
      15.400000       2.049618     105.428318     102.093137
      15.500000       2.019131     107.264205     112.302284
      15.600000       2.066546     103.297304     109.734307
      15.700000       1.999934     108.562632     101.782383
      15.800000       2.079326     100.581490     108.542638
      15.900000       2.001588     108.170965      92.603412
      16.000000       2.034695     100.709600      96.831820
      16.100000       2.058530     102.967149      93.035974
      16.200000       1.944514     106.236745      98.217963
      16.300000       2.087641     103.988214      97.545570
      16.400000       2.015030     104.807471      94.939185
      16.500000       2.049657     104.624329      92.963938
      16.600000       2.007990     102.562377     118.881760
      16.700000       2.060228     107.409735     126.704563
      16.800000       2.035334     106.172038     119.928562
      16.900000       2.059323     101.554145     106.376487
      17.000000       2.036779     101.516599      98.818006
      17.100000       2.011104     105.463191      93.504241
      17.200000       2.029402      98.988300     109.397970
      17.300000       2.020002     107.639928     109.162202
      17.400000       2.106398     105.512257     102.906520
      17.500000       1.960850     104.812825     100.507128
      17.600000       2.038223     102.939695      90.419081
      17.700000       2.072203     103.291340      97.970151
      17.800000       2.045143     106.277963     105.804539
      17.900000       2.008011     105.193851     109.026731
      18.000000       2.028788     100.273514     107.426663
      18.100000       2.049321     103.594036     108.549050
      18.200000       1.990266     106.390525     108.536567
      18.300000       2.109757     105.604766     114.428210
      18.400000       2.013620     113.475850     112.711153
      18.500000       2.091547     106.646802     109.632761
      18.600000       2.003607     108.125723      95.929990
      18.700000       2.096004     106.383145     115.106352
      18.800000       2.023197     106.105658      96.666176
      18.900000       2.027912     105.895859     104.750306
      19.000000       2.078850      98.670256     106.773653
      19.100000       1.985759     100.595901     100.946835
      19.200000       2.072374     104.937501     100.953690
      19.300000       2.003621     102.888073      99.774487
      19.400000       2.067482     106.574843      92.050696
      19.500000       1.983714     112.761635      99.915041
      19.600000       2.060832     109.409368     100.600385
      19.700000       2.059919     108.156751     112.936821
      19.800000       2.002907     103.551072     102.065933
      19.900000       2.011209      99.900046      86.637719
      20.000000       2.041341     101.639279     100.927017
      20.100000       2.021358      98.105060     114.862401
      20.200000       1.995208     100.954100     109.676965
      20.300000       2.065969     107.603279     106.363393
      20.400000       2.023831     113.396467      99.603339
      20.500000       2.075938     112.604628     101.029486
      20.600000       2.042343     109.452139     111.998316
      20.700000       2.047132     105.534266     116.900254
      20.800000       2.050818     104.588644     109.565144
      20.900000       1.993078     100.402750      97.935339
      21.000000       2.043104     102.774639     107.429722
      21.100000       1.983069     100.200355     114.118082
      21.200000       2.055977     109.700636      86.925235
      21.300000       2.011272     103.121184      91.631829
      21.400000       2.037080     106.247045     100.233779
      21.500000       2.053307     107.272395      95.567326
      21.600000       2.028241     102.254939     104.284262
      21.700000       2.087180     105.205245     105.979291
      21.800000       2.005696     103.390899      99.400158
      21.900000       2.013879     101.190136     107.510513
      22.000000       2.047612     102.198332     115.624668
      22.100000       2.016256     103.012958     107.099903
      22.200000       2.054975     107.776744     103.614125
      22.300000       2.032404     109.924691     103.114557
      22.400000       2.052617     108.794282     118.577562
      22.500000       2.008326     109.671640     109.563148
      22.600000       2.106052     103.024538     116.327496
      22.700000       1.963923     104.875925     119.923743
      22.800000       2.003765     104.448089      86.670629
      22.900000       2.034762     104.755951      94.505729
      23.000000       2.022554     104.452299     104.669190
      23.100000       2.023048     100.385759      98.471938
      23.200000       2.065061     105.907696     102.224830
      23.300000       2.031504     101.968309     111.853861
      23.400000       2.007468      98.414831      97.352440
      23.500000       2.025510      98.342614      99.941394
      23.600000       2.025086      95.487116      99.095820
      23.700000       2.047843      97.683791      92.707245
      23.800000       1.999386     104.023535     107.285792
      23.900000       2.059276     110.378240     111.093639
      24.000000       2.013343     108.916302     111.741099
      24.100000       2.040455     109.858921     113.102863
      24.200000       2.023063     107.905596     101.980486
      24.300000       2.036574     109.193089      97.286325
      24.400000       2.059147     108.631895     107.629599
      24.500000       2.014993     106.641473     109.205233
      24.600000       2.076478      99.174347     107.896306
      24.700000       1.997839      99.885954      99.889357
      24.800000       2.004695      99.241757      95.503004
      24.900000       2.044095     101.958539     104.980868
      25.000000       1.977190     106.289259      95.955563
      25.100000       2.073825     107.422872     102.147254
      25.200000       2.024594     109.807061     116.036426
      25.300000       2.026595     109.391427     109.575944
      25.400000       2.048941     108.153579     110.222504
      25.500000       2.048347     106.756384     111.592228
      25.600000       1.997994      96.263101     104.570297
      25.700000       2.033842     105.562047      95.228832
      25.800000       2.048242     105.152823     103.555156
      25.900000       2.041037     101.392890     106.049751
      26.000000       2.040533     106.698439     103.206445
      26.100000       1.984853     104.520713      99.334019
      26.200000       2.071216     107.460827     102.674312
      26.300000       2.030561     105.117324      97.603615
      26.400000       2.028767     103.536777     104.464967
      26.500000       2.040122     106.746364      92.796748
      26.600000       2.085093     106.439936     105.181587
      26.700000       2.018984     104.658042     106.815665
      26.800000       2.081474     103.905131      95.499373
      26.900000       1.971190     102.453417     106.810041
      27.000000       2.104497      98.611015     118.402806
      27.100000       2.008072     101.214435      95.094668
      27.200000       1.957919     104.006363      91.231632
      27.300000       2.114265     103.946755     104.735282
      27.400000       2.013149     106.403325     104.599790
      27.500000       2.059185     106.659903     113.153857
      27.600000       2.000063     101.980377     109.911691
      27.700000       2.073151     104.075823      96.684465
      27.800000       2.036598     108.316992     101.472671
      27.900000       2.039743     106.606367     111.792500
      28.000000       2.051555     106.053010     120.847479
      28.100000       2.001773     101.453765     108.580913
      28.200000       2.027668      98.662078      97.075254
      28.300000       1.999042     108.206015     104.591140
      28.400000       2.123250     111.914049     103.857198
      28.500000       1.975216     111.140185     103.863340
      28.600000       2.071643     108.952828     104.974035
      28.700000       2.044891     101.281627     111.652970
      28.800000       2.013485      99.307222     105.853258
      28.900000       2.016462     105.985695      95.738549
      29.000000       2.038831     111.138152      94.251783
      29.100000       2.029558     106.704509      92.160803
      29.200000       2.031626     100.555887     117.752022
      29.300000       2.035872      95.539325     108.638971
      29.400000       2.012497     105.367600      95.116185
      29.500000       2.062221     107.529536     115.857087
      29.600000       2.034495     107.956365     112.954090
      29.700000       2.007136     108.395156      95.041829
      29.800000       2.060477     107.671922     109.678905
      29.900000       2.067414     109.674615     109.039382
      30.000000       2.012927     104.649604     104.679810
      30.100000       2.065490     105.154797     105.175804
      30.200000       1.991318     102.699217     108.286538
      30.300000       2.079873     107.738367     103.323470
      30.400000       2.046964     107.322737     101.373243
      30.500000       2.038661     104.225739     112.972207
      30.600000       2.108884     104.969960      94.108069
      30.700000       1.959935     105.428646     100.625915
      30.800000       2.038008     106.011302     113.266586
      30.900000       2.038329     101.886600     102.449139
      31.000000       2.056047     101.198605      99.215095
      31.100000       2.003389     103.886964     100.669165
      31.200000       2.064564     103.770417      94.873211
      31.300000       2.010631     105.929000      99.694117
      31.400000       1.993833     105.672538     111.583233
      31.500000       2.108724     103.199288     102.666763
      31.600000       1.951968     101.122901     104.580727
      31.700000       2.104129      95.911175     108.713978
      31.800000       1.953324     108.026562      95.471056
      31.900000       2.081752     101.793006      89.756199
      32.000000       2.010615     106.822876     107.147975
      32.100000       2.076735     110.051732     116.049075
      32.200000       2.058800     110.832267     113.485551
      32.300000       2.025289     104.033180     107.179095
      32.400000       2.067458     106.864396     113.806199
      32.500000       1.999312     106.627779     103.717914
      32.600000       2.081919     100.927942     105.125702
      32.700000       1.943888      99.505043      99.307818
      32.800000       2.100718     103.284008     107.059855
      32.900000       1.961773     109.429215     117.003997
      33.000000       2.044463     107.585027     106.383131
      33.100000       2.052674     106.324140      99.040484
      33.200000       2.028717     108.170174      96.326598
      33.300000       2.049142     102.574311     107.310730
      33.400000       2.034407     102.205434      98.365345
      33.500000       2.008988     102.599541      99.123956
      33.600000       1.994107     104.670495     106.649454
      33.700000       2.027204     100.769090     106.283053
      33.800000       2.037816     101.165110     110.436971
      33.900000       2.023296     105.239071     122.409191
      34.000000       2.038529     109.130546     111.348145
      34.100000       2.070272     111.932607     110.846709
      34.200000       2.062381     108.267345      99.000706
      34.300000       1.984424     106.800419      84.406484
      34.400000       2.094032      97.365117     103.312275
      34.500000       2.008967     103.298252     114.946833
      34.600000       2.031332     100.276245     111.186693
      34.700000       2.005985      98.157578     113.799332
      34.800000       2.067134     107.034153     106.082713
      34.900000       2.090450     110.366313     106.151628
      35.000000       1.972604     114.045598     115.876539
      35.100000       2.120679     103.664020     103.456725
      35.200000       2.027522     105.230451      81.363059
      35.300000       1.992837      99.394921     107.302183
      35.400000       2.027789      96.794445     120.661885
      35.500000       2.067933      99.134104      92.926263
      35.600000       1.960010     101.798500     109.166877
      35.700000       2.089054     107.253154     104.893451
      35.800000       2.052178     109.049009     100.732518
      35.900000       2.025019     103.127046     110.047567
      36.000000       2.099509     105.067417     111.187497
      36.100000       1.964065     105.626922     106.305980
      36.200000       2.126705     105.451256      91.263443
      36.300000       1.938830     104.043928     102.553494
      36.400000       2.078294     100.941931     106.004988
      36.500000       2.001507      99.330383      94.875501
      36.600000       1.999316     101.059843     102.558296
      36.700000       2.010620     102.506146     105.860304
      36.800000       2.062003     112.165825      97.846890
      36.900000       2.035814     113.490647     109.468310
      37.000000       2.021747     108.438330     105.318112
      37.100000       2.075544      99.025113     114.425190
      37.200000       1.998843      97.452580     112.635230
      37.300000       2.049877     102.897123      99.646562
      37.400000       1.988994     105.494074     105.631093
      37.500000       2.061716     102.325023     111.099630
      37.600000       1.990618     103.521905     106.056788
      37.700000       2.009571     106.173134     112.844297
      37.800000       2.050217     109.436888     116.849888
      37.900000       2.010197     107.242698     105.885057
      38.000000       2.068713      99.944919      96.166513
      38.100000       1.998746     102.799808     114.657843
      38.200000       2.048548     104.781631     109.052410
      38.300000       2.050139     107.585955      98.465446
      38.400000       1.999944     101.588570      98.117027
      38.500000       2.031313     101.637787      92.936681
      38.600000       2.068637     104.804143      95.482225
      38.700000       1.985871     104.485049      95.416834
      38.800000       2.082687     110.315924     107.773190
      38.900000       2.029796     107.169940     104.414553
      39.000000       2.050915     107.326081     103.478480
      39.100000       2.030823     110.625405     101.120884
      39.200000       2.023499     111.926962     103.879901
      39.300000       2.056829     108.869723      97.983616
      39.400000       1.993113      99.269054      98.153552
      39.500000       2.028669      99.448789     111.375817
      39.600000       2.027814      95.776473     122.375479
      39.700000       2.015075     107.024636     112.450116
      39.800000       2.060939     105.400905     108.922345
      39.900000       2.037209     107.385278      88.394898
      40.000000       2.038898     105.017665      97.320293
      40.100000       2.035818      99.335301     115.746685
      40.200000       1.992258      99.284413     107.277285
      40.300000       2.008100     100.864822     102.535461
      40.400000       2.084004     103.741661     104.228916
      40.500000       1.982030     106.792295     101.964930
      40.600000       2.089487     104.183153      93.194912
      40.700000       1.978508     105.168637      99.730120
      40.800000       2.070738     104.262532      97.259883
      40.900000       2.049582     109.459533     103.277042
      41.000000       2.012813     105.246219     111.929092
      41.100000       2.057459     102.708872      97.952053
      41.200000       1.994784     100.010672      92.771556
      41.300000       2.067023     106.109824     110.421335
      41.400000       2.036200     111.983930     115.585794
      41.500000       2.047282     107.940949     110.432822
      41.600000       2.062789      98.816325     116.752960
      41.700000       2.011195     103.046457     105.282833
      41.800000       2.022288     107.130759     101.457076
      41.900000       2.062516     107.933538      98.749520
      42.000000       2.023408     104.678988     107.885445
      42.100000       2.076637     105.131474      94.855022
      42.200000       2.003656     104.131888     111.051147
      42.300000       2.060578     101.350279      93.320103
      42.400000       2.020078     101.947440      89.655296
      42.500000       1.997779      97.204876     111.748658
      42.600000       1.989149     104.302834     103.433724
      42.700000       2.063832     103.471683      98.101097
      42.800000       2.008828     107.239474     106.147313
      42.900000       2.043066      99.246546     105.420530
      43.000000       2.051470      98.851427      99.146307
      43.100000       1.965268     101.860511      92.852797
      43.200000       2.070526     100.174276     105.618022
      43.300000       1.956626     101.175216      93.308425
      43.400000       2.079659      96.448390      98.077966
      43.500000       2.027400     100.513723     109.914019
      43.600000       2.028541     105.359937     111.147102
      43.700000       2.038922     107.653346     109.721461
      43.800000       2.058725     101.241322     102.301285
      43.900000       2.024502     108.359727      98.922084
      44.000000       2.030416     108.508350      90.958176
      44.100000       2.070353     106.633411      91.949533
      44.200000       1.978508     103.234868     103.640465
      44.300000       2.081007     104.470721     103.074006
      44.400000       1.959697     101.917161     107.529678
      44.500000       2.096504     104.327946     111.152380
      44.600000       2.031637     107.503841     104.148167
      44.700000       1.986537     105.197908     108.222256
      44.800000       2.098760     108.957820     106.631939
      44.900000       1.971493     109.488101      99.300461
      45.000000       2.110679     102.275341     107.950358
      45.100000       1.982230     106.809395     103.322035
      45.200000       2.057624     103.361338     101.948274
      45.300000       2.025880     101.451587     104.940780
      45.400000       2.009408      99.301897     106.616392
      45.500000       2.081068     101.649644     108.225397
      45.600000       2.030582     105.275223      96.030385
      45.700000       2.020217     105.718341      99.111120
      45.800000       2.032946     103.235480     108.966269
      45.900000       2.039404      99.681239      98.080617
      46.000000       2.000005      99.132192     105.111589
      46.100000       2.038253     102.439057     100.434053
      46.200000       2.031177     104.529233     104.165574
      46.300000       2.042897     104.813214     110.700208
      46.400000       2.025461     107.487194      92.497111
      46.500000       2.029805     104.040456     100.424255
      46.600000       2.065549     105.065466     112.052305
      46.700000       1.979425     105.665964      87.067135
      46.800000       2.067032     105.071646     103.994012
      46.900000       2.041709     111.237316     107.599856
      47.000000       2.057699     111.597520     100.718780
      47.100000       2.042656     104.017978     111.146627
      47.200000       2.024972     101.488756     114.391394
      47.300000       2.043685     100.128595      90.909396
      47.400000       1.986371     100.091840     106.595372
      47.500000       2.120286     101.445531     117.590394
      47.600000       1.945354     111.528500     117.169879
      47.700000       2.116513     106.055605     106.987176
      47.800000       1.991129     106.475374     101.163439
      47.900000       2.032718     102.271589     108.486643
      48.000000       2.054971     103.902406      81.838470
      48.100000       2.020389     106.063772     110.300291
      48.200000       2.084622     102.678009     113.951149
      48.300000       1.976229     106.396300      91.359784
      48.400000       2.063980     106.832316     107.282759
      48.500000       2.042812     103.701468     123.551414
      48.600000       2.046031     106.405112     103.008493
      48.700000       2.024462     107.347229     100.993056
      48.800000       2.025539     110.575673     105.316039
      48.900000       2.074202     108.295139     107.353570
      49.000000       2.013702     107.952600     116.426152
      49.100000       2.055803      99.780733     115.169940
      49.200000       1.988930     102.777771      97.149674
      49.300000       2.051340     101.933504      99.913334
      49.400000       2.050059     106.344061     107.509042
      49.500000       2.056522     108.788033     103.890657
      49.600000       2.001002     106.490527     114.301941
      49.700000       2.069417     104.783578     105.001360
      49.800000       2.001829      99.956238     110.334083
      49.900000       2.004432     104.936115      97.932084
      50.000000       2.092661     101.431844     114.678567
