#RMS DIFF OF THE SIDECHAINS
 1 0.367998
 2 0.56018
 3 0.667495
 4 0.783698
 5 0.88509
 6 0.954899
 7 1.03621
 8 1.07467
 9 1.08941
 10 1.08409
 11 1.09297
 12 1.12458
 13 1.15499
 14 1.17257
 15 1.17174
 16 1.16506
 17 1.13426
 18 1.12241
 19 1.1224
 20 1.09374
 21 1.07848
 22 1.04226
 23 1.0467
 24 1.07945
 25 1.06734
 26 1.07215
 27 1.09884
 28 1.13338
 29 1.15801
 30 1.15901
 31 1.17567
 32 1.20179
 33 1.22037
 34 1.2312
 35 1.2234
 36 1.19912
 37 1.22972
 38 1.26658
 39 1.29906
 40 1.2978
 41 1.25602
 42 1.21303
 43 1.21047
 44 1.17899
 45 1.11611
 46 1.08804
 47 1.09475
 48 1.11201
 49 1.11862
 50 1.13933
 51 1.17646
 52 1.18751
 53 1.20383
 54 1.20198
 55 1.20086
 56 1.18347
 57 1.1584
 58 1.15426
 59 1.13621
 60 1.14823
 61 1.13239
 62 1.10184
 63 1.0769
 64 1.07127
 65 1.06375
 66 1.02612
 67 0.991872
 68 0.967413
 69 0.963408
 70 0.971254
 71 0.97895
 72 0.995089
 73 0.984745
 74 0.931372
 75 0.916761
 76 0.907673
 77 0.892676
 78 0.942223
 79 0.979244
 80 1.03197
 81 1.06899
 82 1.08711
 83 1.09718
 84 1.08687
 85 1.08592
 86 1.1094
 87 1.12575
 88 1.11996
 89 1.10259
 90 1.09432
 91 1.15138
 92 1.16607
 93 1.16398
 94 1.18873
 95 1.22593
 96 1.24503
 97 1.25134
 98 1.23369
 99 1.17628
 100 1.15569
 101 1.12604
 102 1.10049
 103 1.08218
 104 1.08678
 105 1.10083
 106 1.10258
 107 1.08296
 108 1.05543
 109 1.01435
 110 0.977472
 111 0.924365
 112 0.886715
 113 0.850008
 114 0.831527
 115 0.835263
 116 0.860245
 117 0.881804
 118 0.906552
 119 0.95653
 120 0.977297
 121 0.999133
 122 1.02048
 123 1.01749
 124 1.04404
 125 1.08245
 126 1.11618
 127 1.11449
 128 1.07967
 129 1.06434
 130 1.06749
 131 1.06544
 132 1.05624
 133 1.04897
 134 1.06028
 135 1.08139
 136 1.08216
 137 1.08505
 138 1.09363
 139 1.09216
 140 1.0993
 141 1.08702
 142 1.0746
 143 1.0554
 144 1.06175
 145 1.08808
 146 1.10035
 147 1.13954
 148 1.16367
 149 1.17326
 150 1.15553
 151 1.13416
 152 1.11002
 153 1.09845
 154 1.11506
 155 1.09303
 156 1.07594
 157 1.02536
 158 0.97982
 159 0.947493
 160 0.941271
 161 0.915614
 162 0.892178
 163 0.888589
 164 0.913519
 165 0.917343
 166 0.91773
 167 0.938919
 168 0.956632
 169 0.991216
 170 0.992322
 171 0.983819
 172 0.998228
 173 1.02702
 174 1.05438
 175 1.04522
 176 1.07114
 177 1.1067
 178 1.10767
 179 1.13791
 180 1.16637
 181 1.19318
 182 1.21704
 183 1.23526
 184 1.22945
 185 1.22674
 186 1.22531
 187 1.23039
 188 1.24613
 189 1.24635
 190 1.2447
 191 1.25814
 192 1.26318
 193 1.24293
 194 1.21386
 195 1.18816
 196 1.18315
 197 1.16589
 198 1.14021
 199 1.12207
 200 1.11542
 201 1.1176
 202 1.13277
 203 1.13319
 204 1.14292
 205 1.15145
 206 1.14364
 207 1.12239
 208 1.08749
 209 1.05571
 210 1.04622
 211 1.05534
 212 1.04384
 213 1.03148
 214 1.03379
 215 1.04324
 216 1.02768
 217 0.993683
 218 0.991917
 219 1.00068
 220 1.03235
 221 1.06101
 222 1.08513
 223 1.10263
 224 1.12605
 225 1.13288
 226 1.12157
 227 1.13001
 228 1.17192
 229 1.21148
 230 1.262
 231 1.31061
 232 1.32659
 233 1.35978
 234 1.37958
 235 1.40771
 236 1.41692
 237 1.4222
 238 1.42
 239 1.39212
 240 1.35957
 241 1.31851
 242 1.27876
 243 1.20816
 244 1.14467
 245 1.09473
 246 1.04189
 247 0.996479
 248 0.971056
 249 1.01535
 250 1.05236
 251 1.0838
 252 1.13347
 253 1.17474
 254 1.17329
 255 1.15264
 256 1.14846
 257 1.12324
 258 1.12086
 259 1.11335
 260 1.10055
 261 1.09584
 262 1.10528
 263 1.11768
 264 1.12988
 265 1.17434
 266 1.19904
 267 1.23387
 268 1.253
 269 1.24528
 270 1.29292
 271 1.32065
 272 1.35176
 273 1.34847
 274 1.30931
 275 1.30458
 276 1.27529
 277 1.26822
 278 1.23315
 279 1.22842
 280 1.23664
 281 1.22183
 282 1.21013
 283 1.19574
 284 1.18336
 285 1.1953
 286 1.1958
 287 1.22418
 288 1.23441
 289 1.23013
 290 1.18629
 291 1.14542
 292 1.11494
 293 1.08802
 294 1.08242
 295 1.09435
 296 1.1268
 297 1.14153
 298 1.13933
 299 1.12473
 300 1.11044
 301 1.11784
 302 1.07896
 303 1.04083
 304 1.02533
 305 1.01922
 306 1.01886
 307 1.01193
 308 1.01092
 309 1.03588
 310 1.06998
 311 1.09167
 312 1.09548
 313 1.07848
 314 1.07869
 315 1.08751
 316 1.05702
 317 1.02425
 318 1.04659
 319 1.07
 320 1.07848
 321 1.07361
 322 1.06587
 323 1.07625
 324 1.05395
 325 1.01167
 326 0.977438
 327 0.969031
 328 0.953311
 329 0.939876
 330 0.936044
 331 0.963289
 332 0.993783
 333 0.96502
 334 0.953834
 335 0.94386
 336 0.994754
 337 1.03686
 338 1.06202
 339 1.07295
 340 1.1003
 341 1.13785
 342 1.16158
 343 1.19191
 344 1.18087
 345 1.19485
 346 1.21145
 347 1.22721
 348 1.23449
 349 1.26329
 350 1.2739
 351 1.26356
 352 1.27618
 353 1.28854
 354 1.28879
 355 1.27539
 356 1.24808
 357 1.25032
 358 1.24592
 359 1.21788
 360 1.21116
 361 1.22157
 362 1.23987
 363 1.25281
 364 1.23971
 365 1.23431
 366 1.24283
 367 1.25436
 368 1.29208
 369 1.29629
 370 1.28832
 371 1.26338
 372 1.27877
 373 1.28858
 374 1.30551
 375 1.33691
 376 1.33694
 377 1.35049
 378 1.33086
 379 1.31435
 380 1.28856
 381 1.28372
 382 1.27949
 383 1.25371
 384 1.2199
 385 1.22879
 386 1.24691
 387 1.2579
 388 1.25643
 389 1.24275
 390 1.21201
 391 1.17878
 392 1.16269
 393 1.12184
 394 1.08979
 395 1.10488
 396 1.10043
 397 1.09496
 398 1.09164
 399 1.08805
 400 1.10065
 401 1.0766
 402 1.04976
 403 1.0459
 404 1.06897
 405 1.05689
 406 1.04174
 407 1.04933
 408 1.07891
 409 1.11466
 410 1.16081
 411 1.17707
 412 1.1649
 413 1.17028
 414 1.1683
 415 1.17887
 416 1.18769
 417 1.1931
 418 1.2192
 419 1.25265
 420 1.28645
 421 1.27127
 422 1.26474
 423 1.30991
 424 1.33373
 425 1.34703
 426 1.35314
 427 1.38495
 428 1.40261
 429 1.40082
 430 1.37993
 431 1.36967
 432 1.34536
 433 1.32535
 434 1.31418
 435 1.2837
 436 1.25721
 437 1.24935
 438 1.23376
 439 1.21732
 440 1.22109
 441 1.22297
 442 1.23608
 443 1.2275
 444 1.20831
 445 1.20986
 446 1.19924
 447 1.18473
 448 1.1904
 449 1.16802
 450 1.1942
 451 1.21711
 452 1.26273
 453 1.28217
 454 1.29423
 455 1.32554
 456 1.33534
 457 1.34278
 458 1.32217
 459 1.30183
 460 1.29023
 461 1.24972
 462 1.21853
 463 1.17977
 464 1.14932
 465 1.13545
 466 1.14013
 467 1.1526
 468 1.16794
 469 1.18837
 470 1.21079
 471 1.18404
 472 1.19873
 473 1.19641
 474 1.23004
 475 1.27768
 476 1.31815
 477 1.34641
 478 1.36203
 479 1.36644
 480 1.38179
 481 1.36571
 482 1.36267
 483 1.38413
 484 1.41381
 485 1.4507
 486 1.49205
 487 1.51761
 488 1.54471
 489 1.58225
 490 1.58736
 491 1.56566
 492 1.54078
 493 1.49957
 494 1.44839
 495 1.41474
 496 1.36943
 497 1.35784
 498 1.34121
 499 1.36151
 500 1.35576
