0.00000 4356.42399
0.04000 3893.49193
0.08000 3860.02347
0.12000 3863.74540
0.16000 3836.63140
0.20000 3835.44523
0.20000 3159.66178
0.24000 3432.76297
0.28000 3550.90823
0.32000 3563.90526
0.36000 3584.34900
0.40000 3609.24661
0.40000 3565.43947
0.44000 3557.40715
0.48000 3512.12749
0.52000 3480.38153
0.56000 3508.62559
0.60000 3595.72549
0.60000 3559.64687
0.64000 3581.99874
0.68000 3505.92427
0.72000 3492.04628
0.76000 3479.82105
0.80000 3572.20119
0.80000 3601.38239
0.84000 3610.11412
0.88000 3578.60414
0.92000 3584.41425
0.96000 3584.59497
1.00000 3514.35971
1.00000 3449.07831
1.04000 3524.23154
1.08000 3510.76889
1.12000 3509.88686
1.16000 3504.14238
1.20000 3588.72562
1.20000 3606.98722
1.24000 3555.73837
1.28000 3573.51427
1.32000 3543.17961
1.36000 3564.44461
1.40000 3539.07365
1.40000 3544.41035
1.44000 3574.92988
1.48000 3531.47977
1.52000 3580.07982
1.56000 3543.24184
1.60000 3452.85278
1.60000 3470.98275
1.64000 3527.86625
1.68000 3562.36041
1.72000 3503.11341
1.76000 3542.96467
1.80000 3492.99862
1.80000 3507.17214
1.84000 3550.31043
1.88000 3622.23518
1.92000 3519.10496
1.96000 3529.38945
2.00000 3549.93959
2.00000 3529.01020
2.04000 3527.72538
2.08000 3616.59693
2.12000 3524.21765
2.16000 3538.38339
2.20000 3541.12718
2.20000 3528.86775
2.24000 3487.31213
2.28000 3525.14429
2.32000 3556.70192
2.36000 3528.34425
2.40000 3485.82822
2.40000 3499.48698
2.44000 3507.24370
2.48000 3564.11606
2.52000 3561.66421
2.56000 3560.45993
2.60000 3612.61650
2.60000 3549.19351
2.64000 3533.94450
2.68000 3476.53672
2.72000 3478.27237
2.76000 3434.99493
2.80000 3504.33373
2.80000 3533.90559
2.84000 3522.77168
2.88000 3493.74665
2.92000 3545.59758
2.96000 3485.74342
3.00000 3524.63355
3.00000 3581.35988
3.04000 3525.79961
3.08000 3483.19195
3.12000 3543.06666
3.16000 3525.88505
3.20000 3516.48651
3.20000 3500.26388
3.24000 3491.69411
3.28000 3564.77496
3.32000 3499.94935
3.36000 3518.66511
3.40000 3600.62713
3.40000 3620.04536
3.44000 3494.86922
3.48000 3484.52436
3.52000 3518.46022
3.56000 3519.77912
3.60000 3512.55344
3.60000 3476.74615
3.64000 3541.06010
3.68000 3593.06607
3.72000 3557.40567
3.76000 3552.03902
3.80000 3544.39793
3.80000 3504.57984
3.84000 3572.46079
3.88000 3589.52344
3.92000 3531.89440
3.96000 3575.16238
4.00000 3498.95070
4.00000 3456.28297
4.04000 3443.94131
4.08000 3463.11368
4.12000 3461.29734
4.16000 3498.11615
4.20000 3487.21647
4.20000 3573.95289
4.24000 3488.70389
4.28000 3507.04300
4.32000 3482.64145
4.36000 3514.72734
4.40000 3468.81970
4.40000 3502.99726
4.44000 3581.15278
4.48000 3531.95029
4.52000 3496.34523
4.56000 3556.54234
4.60000 3511.72710
4.60000 3544.36187
4.64000 3591.04045
4.68000 3591.24198
4.72000 3552.43814
4.76000 3604.43315
4.80000 3553.07773
4.80000 3466.47941
4.84000 3473.70863
4.88000 3512.44629
4.92000 3569.49068
4.96000 3554.69225
5.00000 3532.48020
5.00000 3576.74425
5.04000 3536.19107
5.08000 3494.24185
5.12000 3552.52595
5.16000 3598.84605
5.20000 3564.62696
5.20000 3555.72134
5.24000 3571.77291
5.28000 3488.81023
5.32000 3521.00303
5.36000 3468.49716
5.40000 3506.60001
5.40000 3506.74035
5.44000 3562.69999
5.48000 3513.59868
5.52000 3494.23835
5.56000 3506.72895
5.60000 3520.44761
5.60000 3528.71208
5.64000 3581.15003
5.68000 3487.74214
5.72000 3486.45612
5.76000 3543.25023
5.80000 3540.46512
5.80000 3538.74507
5.84000 3534.56817
5.88000 3515.11165
5.92000 3505.47672
5.96000 3555.42208
6.00000 3540.59503
6.00000 3534.04495
6.04000 3570.24979
6.08000 3589.86038
6.12000 3591.22166
6.16000 3579.64404
6.20000 3560.56310
6.20000 3488.47600
6.24000 3449.00886
6.28000 3514.96519
6.32000 3486.74402
6.36000 3501.32652
6.40000 3494.36129
6.40000 3569.98003
6.44000 3562.03850
6.48000 3441.90202
6.52000 3513.84364
6.56000 3460.68470
6.60000 3490.21877
6.60000 3509.15623
6.64000 3488.15789
6.68000 3531.33717
6.72000 3547.96697
6.76000 3547.62793
6.80000 3500.96462
6.80000 3473.45144
6.84000 3537.94411
6.88000 3508.02160
6.92000 3534.99548
6.96000 3523.78693
7.00000 3535.29030
7.00000 3532.50728
7.04000 3544.93471
7.08000 3547.40987
7.12000 3547.05191
7.16000 3587.43951
7.20000 3502.22074
7.20000 3458.21472
7.24000 3514.21548
7.28000 3532.34804
7.32000 3492.69133
7.36000 3546.25416
7.40000 3507.21659
7.40000 3536.69605
7.44000 3497.67997
7.48000 3499.62709
7.52000 3482.22369
7.56000 3509.74700
7.60000 3544.24650
7.60000 3578.61654
7.64000 3582.30795
7.68000 3478.14418
7.72000 3545.45867
7.76000 3542.02624
7.80000 3591.93779
7.80000 3558.13561
7.84000 3561.41252
7.88000 3518.56574
7.92000 3501.45679
7.96000 3478.65688
8.00000 3535.22061
8.00000 3543.89935
8.04000 3525.40386
8.08000 3531.13386
8.12000 3465.27132
8.16000 3514.06410
8.20000 3620.74021
8.20000 3606.37447
8.24000 3511.28635
8.28000 3511.67195
8.32000 3533.13492
8.36000 3482.07779
8.40000 3532.48137
8.40000 3537.55399
8.44000 3518.57177
8.48000 3616.18865
8.52000 3534.73028
8.56000 3525.49685
8.60000 3535.78275
8.60000 3496.55111
8.64000 3520.69953
8.68000 3520.11436
8.72000 3607.16522
8.76000 3562.60710
8.80000 3445.41125
8.80000 3450.38638
8.84000 3508.54518
8.88000 3516.26608
8.92000 3497.11008
8.96000 3519.04369
9.00000 3548.18939
9.00000 3527.23067
9.04000 3507.57527
9.08000 3462.23370
9.12000 3520.73117
9.16000 3518.42225
9.20000 3524.35630
9.20000 3566.41568
9.24000 3555.54650
9.28000 3559.42591
9.32000 3546.14428
9.36000 3531.87768
9.40000 3579.45883
9.40000 3527.36268
9.44000 3535.57292
9.48000 3549.11638
9.52000 3549.15818
9.56000 3518.63845
9.60000 3430.07133
9.60000 3426.59995
9.64000 3520.70317
9.68000 3529.76142
9.72000 3510.60755
9.76000 3510.67115
9.80000 3529.53856
9.80000 3598.50050
9.84000 3568.30989
9.88000 3571.44958
9.92000 3579.62397
9.96000 3473.62777
10.00000 3519.55246
10.00000 3499.27990
10.04000 3588.73973
10.08000 3443.80844
10.12000 3503.99438
10.16000 3540.77855
10.20000 3507.87109
10.20000 3551.59908
10.24000 3562.44071
10.28000 3545.19276
10.32000 3578.75572
10.36000 3492.91901
10.40000 3502.35843
10.40000 3472.21018
10.44000 3554.87596
10.48000 3555.72139
10.52000 3537.34778
10.56000 3526.50666
10.60000 3473.33451
10.60000 3480.71642
10.64000 3563.93786
10.68000 3516.91976
10.72000 3548.93638
10.76000 3592.17156
10.80000 3564.62541
10.80000 3554.96237
10.84000 3522.13053
10.88000 3482.75828
10.92000 3556.88851
10.96000 3610.53333
11.00000 3550.90223
11.00000 3539.74895
11.04000 3538.34193
11.08000 3515.10484
11.12000 3559.48745
11.16000 3495.62899
11.20000 3568.96001
11.20000 3557.15704
11.24000 3571.62598
11.28000 3570.31661
11.32000 3489.28947
11.36000 3512.37604
11.40000 3514.26342
11.40000 3503.01561
11.44000 3516.55911
11.48000 3479.13017
11.52000 3515.97363
11.56000 3476.85613
11.60000 3515.26049
11.60000 3553.16813
11.64000 3528.69664
11.68000 3535.09455
11.72000 3453.78803
11.76000 3483.88523
11.80000 3525.56453
11.80000 3540.42661
11.84000 3551.50622
11.88000 3528.96982
11.92000 3510.87487
11.96000 3473.47973
12.00000 3525.11052
12.00000 3520.11994
12.04000 3539.45371
12.08000 3546.31839
12.12000 3508.70926
12.16000 3579.46568
12.20000 3490.04283
12.20000 3439.97760
12.24000 3504.31990
12.28000 3495.66940
12.32000 3487.13331
12.36000 3520.62192
12.40000 3475.05949
12.40000 3559.38664
12.44000 3588.48664
12.48000 3546.73926
12.52000 3550.54650
12.56000 3470.02425
12.60000 3563.94946
12.60000 3533.71778
12.64000 3554.62266
12.68000 3500.02929
12.72000 3519.24695
12.76000 3547.84517
12.80000 3556.69976
12.80000 3563.81541
12.84000 3520.89492
12.88000 3500.85582
12.92000 3527.34298
12.96000 3585.43448
13.00000 3547.73972
13.00000 3555.79357
13.04000 3577.31124
13.08000 3502.40421
13.12000 3614.44015
13.16000 3511.80349
13.20000 3564.37650
13.20000 3520.17592
13.24000 3563.99822
13.28000 3557.47594
13.32000 3482.11623
13.36000 3515.24734
13.40000 3502.32247
13.40000 3511.61533
13.44000 3524.50227
13.48000 3531.06637
13.52000 3550.93007
13.56000 3576.30016
13.60000 3477.60628
13.60000 3475.67097
13.64000 3534.91185
13.68000 3552.44598
13.72000 3488.38351
13.76000 3565.65750
13.80000 3523.39855
13.80000 3536.00202
13.84000 3507.02984
13.88000 3504.76070
13.92000 3467.62022
13.96000 3503.50022
14.00000 3561.75570
14.00000 3595.63510
14.04000 3526.82463
14.08000 3448.22119
14.12000 3543.84195
14.16000 3541.13570
14.20000 3462.23162
14.20000 3499.24260
14.24000 3542.59811
14.28000 3570.84480
14.32000 3590.57733
14.36000 3491.66818
14.40000 3521.84897
14.40000 3497.73103
14.44000 3567.39168
14.48000 3552.54162
14.52000 3529.77320
14.56000 3489.74571
14.60000 3488.65953
14.60000 3488.57472
14.64000 3500.94557
14.68000 3540.46944
14.72000 3569.12574
14.76000 3562.37091
14.80000 3513.87725
14.80000 3518.02444
14.84000 3560.70353
14.88000 3534.58815
14.92000 3520.14191
14.96000 3516.14281
15.00000 3536.25495
15.00000 3575.24618
15.04000 3563.16927
15.08000 3539.33327
15.12000 3476.48825
15.16000 3478.62596
15.20000 3551.69095
15.20000 3565.22244
15.24000 3535.18136
15.28000 3593.77249
15.32000 3556.49233
15.36000 3624.17009
15.40000 3551.79198
15.40000 3460.96052
15.44000 3467.37084
15.48000 3493.61839
15.52000 3540.64078
15.56000 3469.27588
15.60000 3594.73522
15.60000 3636.53420
15.64000 3526.80690
15.68000 3549.86075
15.72000 3541.38300
15.76000 3580.04487
15.80000 3544.57171
15.80000 3465.34072
15.84000 3523.62638
15.88000 3440.54674
15.92000 3480.21312
15.96000 3469.53475
16.00000 3426.61681
16.00000 3486.34070
16.04000 3560.12689
16.08000 3566.91398
16.12000 3521.12867
16.16000 3585.91347
16.20000 3578.29509
16.20000 3582.99211
16.24000 3546.33399
16.28000 3520.69473
16.32000 3535.38924
16.36000 3536.73113
16.40000 3509.36070
16.40000 3529.20109
16.44000 3500.80966
16.48000 3550.10389
16.52000 3511.06012
16.56000 3470.13692
16.60000 3483.41153
16.60000 3468.24893
16.64000 3513.28980
16.68000 3579.73406
16.72000 3576.20689
16.76000 3536.76925
16.80000 3569.79419
16.80000 3559.99010
16.84000 3602.21376
16.88000 3589.12413
16.92000 3572.21460
16.96000 3543.34146
17.00000 3574.51911
17.00000 3513.27416
17.04000 3481.62472
17.08000 3480.26309
17.12000 3545.50469
17.16000 3580.05761
17.20000 3547.56700
17.20000 3576.59244
17.24000 3528.31978
17.28000 3568.25117
17.32000 3510.20957
17.36000 3585.96257
17.40000 3579.14091
17.40000 3584.08972
17.44000 3586.97521
17.48000 3518.67054
17.52000 3544.48044
17.56000 3539.85004
17.60000 3571.02912
17.60000 3556.70685
17.64000 3480.08562
17.68000 3540.78284
17.72000 3486.01528
17.76000 3497.64062
17.80000 3496.17662
17.80000 3512.54216
17.84000 3542.30789
17.88000 3553.51102
17.92000 3511.51857
17.96000 3544.07637
18.00000 3544.78443
18.00000 3535.74833
18.04000 3532.87113
18.08000 3523.38737
18.12000 3584.49917
18.16000 3567.98457
18.20000 3591.44142
18.20000 3511.77178
18.24000 3472.76656
18.28000 3536.42140
18.32000 3512.58986
18.36000 3491.94252
18.40000 3433.74801
18.40000 3482.14913
18.44000 3521.53896
18.48000 3501.84012
18.52000 3507.17557
18.56000 3513.38697
18.60000 3471.77879
18.60000 3504.90100
18.64000 3539.93534
18.68000 3506.92349
18.72000 3457.67437
18.76000 3518.61469
18.80000 3487.49486
18.80000 3520.97909
18.84000 3505.12742
18.88000 3517.97235
18.92000 3510.87531
18.96000 3580.51812
19.00000 3557.61290
19.00000 3554.63036
19.04000 3600.32366
19.08000 3527.23439
19.12000 3529.95514
19.16000 3542.90469
19.20000 3536.82654
19.20000 3500.98057
19.24000 3492.41935
19.28000 3494.91629
19.32000 3497.02040
19.36000 3505.05763
19.40000 3513.08879
19.40000 3545.47345
19.44000 3562.57260
19.48000 3528.89099
19.52000 3516.89247
19.56000 3548.06138
19.60000 3517.50355
19.60000 3504.14531
19.64000 3581.02229
19.68000 3480.77940
19.72000 3485.28348
19.76000 3494.37159
19.80000 3537.77432
19.80000 3548.93413
19.84000 3542.28899
19.88000 3488.32362
19.92000 3531.27254
19.96000 3552.77995
20.00000 3543.68085
20.00000 3538.55088
20.04000 3540.09682
20.08000 3549.18191
20.12000 3506.10475
20.16000 3560.39121
20.20000 3544.65730
20.20000 3554.92451
20.24000 3534.63524
20.28000 3535.15125
20.32000 3586.56597
20.36000 3529.65666
20.40000 3568.94951
20.40000 3539.21874
20.44000 3603.10004
20.48000 3556.33276
20.52000 3560.70895
20.56000 3485.56719
20.60000 3512.16992
20.60000 3495.18331
20.64000 3531.42619
20.68000 3535.04007
20.72000 3491.98465
20.76000 3515.89575
20.80000 3505.47595
20.80000 3482.10842
20.84000 3493.53675
20.88000 3426.36834
20.92000 3497.18186
20.96000 3472.78655
21.00000 3440.79821
21.00000 3496.55812
21.04000 3450.08147
21.08000 3469.65810
21.12000 3498.44814
21.16000 3461.61219
21.20000 3553.86566
21.20000 3596.73672
21.24000 3568.58456
21.28000 3583.73592
21.32000 3564.47054
21.36000 3549.33961
21.40000 3555.32764
21.40000 3470.75922
21.44000 3554.42694
21.48000 3510.71555
21.52000 3501.92481
21.56000 3465.74004
21.60000 3539.73892
21.60000 3551.63694
21.64000 3535.29998
21.68000 3536.96059
21.72000 3538.44904
21.76000 3507.15663
21.80000 3555.42153
21.80000 3526.15356
21.84000 3532.79382
21.88000 3491.39874
21.92000 3484.85510
21.96000 3503.50103
22.00000 3514.86581
22.00000 3588.79969
22.04000 3530.43899
22.08000 3495.92329
22.12000 3500.55181
22.16000 3528.29220
22.20000 3531.92180
22.20000 3563.57484
22.24000 3532.29280
22.28000 3550.57845
22.32000 3585.73786
22.36000 3573.81763
22.40000 3532.11923
22.40000 3549.75635
22.44000 3540.49829
22.48000 3512.70669
22.52000 3525.51803
22.56000 3529.28606
22.60000 3545.39407
22.60000 3527.38050
22.64000 3516.25453
22.68000 3464.86119
22.72000 3484.88092
22.76000 3541.92981
22.80000 3517.28359
22.80000 3504.57426
22.84000 3574.47529
22.88000 3513.20611
22.92000 3500.50649
22.96000 3514.66921
23.00000 3492.92114
23.00000 3520.38780
23.04000 3543.72079
23.08000 3552.18251
23.12000 3511.35766
23.16000 3518.11200
23.20000 3515.92875
23.20000 3527.66814
23.24000 3518.81218
23.28000 3545.50265
23.32000 3489.71556
23.36000 3521.05893
23.40000 3544.01386
23.40000 3514.26857
23.44000 3550.47948
23.48000 3532.18339
23.52000 3514.73664
23.56000 3492.63394
23.60000 3485.92976
23.60000 3530.07714
23.64000 3586.09082
23.68000 3546.28430
23.72000 3522.57279
23.76000 3544.40638
23.80000 3525.87163
23.80000 3508.93880
23.84000 3509.52353
23.88000 3466.32838
23.92000 3552.86738
23.96000 3494.11059
24.00000 3547.76944
24.00000 3601.43606
24.04000 3624.25469
24.08000 3603.36927
24.12000 3553.09615
24.16000 3551.11914
24.20000 3571.02907
24.20000 3480.00627
24.24000 3444.62002
24.28000 3540.08243
24.32000 3548.83939
24.36000 3608.54602
24.40000 3541.80305
24.40000 3530.66914
24.44000 3528.83354
24.48000 3505.38173
24.52000 3508.27831
24.56000 3490.82409
24.60000 3561.98370
24.60000 3550.39458
24.64000 3530.59607
24.68000 3476.97423
24.72000 3466.81390
24.76000 3450.73919
24.80000 3512.67911
24.80000 3563.73338
24.84000 3567.22121
24.88000 3582.02488
24.92000 3474.37915
24.96000 3552.05697
25.00000 3539.09013
25.00000 3478.31492
25.04000 3488.06502
25.08000 3495.14679
25.12000 3491.00556
25.16000 3549.10299
25.20000 3536.87501
25.20000 3626.02790
25.24000 3510.86482
25.28000 3579.54997
25.32000 3574.25198
25.36000 3524.53362
25.40000 3581.94209
25.40000 3524.10564
25.44000 3597.26635
25.48000 3549.83390
25.52000 3538.38256
25.56000 3550.45701
25.60000 3520.36731
25.60000 3493.93393
25.64000 3480.50317
25.68000 3510.91354
25.72000 3521.05247
25.76000 3557.85787
25.80000 3514.86907
25.80000 3534.36576
25.84000 3519.03138
25.88000 3518.61968
25.92000 3570.45619
25.96000 3532.68098
26.00000 3504.04078
26.00000 3524.35974
26.04000 3593.85297
26.08000 3500.22703
26.12000 3506.64023
26.16000 3540.48477
26.20000 3541.52544
26.20000 3506.18417
26.24000 3502.71601
26.28000 3502.22750
26.32000 3479.10983
26.36000 3535.79937
26.40000 3471.53512
26.40000 3497.68123
26.44000 3560.90728
26.48000 3466.54412
26.52000 3488.12125
26.56000 3551.12515
26.60000 3527.31890
26.60000 3545.44221
26.64000 3504.86355
26.68000 3509.39656
26.72000 3559.39229
26.76000 3526.13945
26.80000 3490.68530
26.80000 3515.05435
26.84000 3559.09433
26.88000 3515.23737
26.92000 3507.10632
26.96000 3516.87951
27.00000 3598.55223
27.00000 3598.47839
27.04000 3478.68310
27.08000 3579.19959
27.12000 3573.36288
27.16000 3556.52638
27.20000 3587.39128
27.20000 3531.29854
27.24000 3556.47487
27.28000 3533.37702
27.32000 3520.38375
27.36000 3477.06772
27.40000 3495.37040
27.40000 3529.12180
27.44000 3531.76180
27.48000 3561.60780
27.52000 3444.01918
27.56000 3475.47682
27.60000 3552.36554
27.60000 3627.01382
27.64000 3517.33546
27.68000 3635.46335
27.72000 3556.83345
27.76000 3546.54547
27.80000 3560.09346
27.80000 3481.49823
27.84000 3482.84425
27.88000 3551.72694
27.92000 3588.06496
27.96000 3602.87015
28.00000 3537.14995
28.00000 3527.37257
28.04000 3522.22909
28.08000 3534.77112
28.12000 3549.52258
28.16000 3462.66388
28.20000 3506.45784
28.20000 3544.12719
28.24000 3589.58593
28.28000 3552.30316
28.32000 3523.02843
28.36000 3522.67498
28.40000 3527.53165
28.40000 3539.62105
28.44000 3527.51503
28.48000 3569.50262
28.52000 3531.29532
28.56000 3599.82525
28.60000 3575.45386
28.60000 3566.77414
28.64000 3556.55800
28.68000 3555.53084
28.72000 3551.46525
28.76000 3525.50086
28.80000 3569.33129
28.80000 3525.73231
28.84000 3499.90900
28.88000 3483.55727
28.92000 3453.48008
28.96000 3520.18949
29.00000 3540.83443
29.00000 3571.81997
29.04000 3559.79238
29.08000 3487.57097
29.12000 3510.31337
29.16000 3459.85165
29.20000 3510.40932
29.20000 3544.13607
29.24000 3554.70916
29.28000 3538.71804
29.32000 3550.52559
29.36000 3519.58294
29.40000 3566.29117
29.40000 3556.10135
29.44000 3617.54163
29.48000 3615.28617
29.52000 3577.50652
29.56000 3525.44968
29.60000 3604.67819
29.60000 3537.04251
29.64000 3548.58673
29.68000 3481.74902
29.72000 3502.80074
29.76000 3539.95678
29.80000 3543.66729
29.80000 3537.58734
29.84000 3517.47845
29.88000 3501.21120
29.92000 3498.91229
29.96000 3490.71780
30.00000 3565.07976
30.00000 3570.51171
30.04000 3535.17977
30.08000 3557.73352
30.12000 3525.17377
30.16000 3523.76595
30.20000 3477.00237
30.20000 3512.23202
30.24000 3462.80256
30.28000 3522.83432
30.32000 3465.59564
30.36000 3496.68099
30.40000 3524.74949
30.40000 3530.34476
30.44000 3559.41673
30.48000 3516.12454
30.52000 3485.85849
30.56000 3530.88608
30.60000 3529.54917
30.60000 3496.70686
30.64000 3552.34585
30.68000 3517.37210
30.72000 3561.84661
30.76000 3563.24348
30.80000 3482.70139
30.80000 3502.65663
30.84000 3520.38625
30.88000 3571.96622
30.92000 3544.60023
30.96000 3523.05140
31.00000 3566.61906
31.00000 3587.78777
31.04000 3496.64499
31.08000 3503.98700
31.12000 3506.12754
31.16000 3493.26443
31.20000 3488.66503
31.20000 3555.57449
31.24000 3509.82694
31.28000 3573.86434
31.32000 3539.15404
31.36000 3596.45746
31.40000 3599.84612
31.40000 3527.81314
31.44000 3580.16110
31.48000 3538.53844
31.52000 3536.58509
31.56000 3483.68842
31.60000 3535.40783
31.60000 3507.45607
31.64000 3540.68508
31.68000 3536.29037
31.72000 3505.85670
31.76000 3465.75225
31.80000 3472.79374
31.80000 3494.50472
31.84000 3546.56282
31.88000 3494.46383
31.92000 3536.07842
31.96000 3534.26663
32.00000 3577.52027
32.00000 3537.93417
32.04000 3548.15131
32.08000 3523.84762
32.12000 3598.98518
32.16000 3609.22193
32.20000 3560.98878
32.20000 3439.05708
32.24000 3489.67561
32.28000 3513.05985
32.32000 3460.33512
32.36000 3488.16903
32.40000 3444.87233
32.40000 3502.26827
32.44000 3467.94968
32.48000 3531.18513
32.52000 3499.80942
32.56000 3555.31273
32.60000 3488.49664
32.60000 3550.98479
32.64000 3543.90350
32.68000 3463.51279
32.72000 3508.58125
32.76000 3474.28307
32.80000 3545.41029
32.80000 3567.42703
32.84000 3524.80236
32.88000 3545.82813
32.92000 3607.32733
32.96000 3530.60727
33.00000 3523.22148
33.00000 3491.74160
33.04000 3539.32568
33.08000 3454.96116
33.12000 3486.46955
33.16000 3581.40836
33.20000 3526.89618
33.20000 3528.34827
33.24000 3483.61271
33.28000 3460.26012
33.32000 3514.64314
33.36000 3480.91861
33.40000 3612.39040
33.40000 3606.94258
33.44000 3563.94953
33.48000 3566.57557
33.52000 3554.86896
33.56000 3538.28351
33.60000 3491.88136
33.60000 3456.91750
33.64000 3536.33795
33.68000 3529.20104
33.72000 3513.19517
33.76000 3484.61486
33.80000 3470.48620
33.80000 3546.27225
33.84000 3478.28900
33.88000 3587.33374
33.92000 3501.37369
33.96000 3514.62285
34.00000 3523.58105
34.00000 3494.76684
34.04000 3519.07639
34.08000 3478.17811
34.12000 3428.22437
34.16000 3486.24901
34.20000 3532.37381
34.20000 3601.70820
34.24000 3599.16092
34.28000 3531.98203
34.32000 3491.94740
34.36000 3500.03158
34.40000 3558.40702
34.40000 3554.18002
34.44000 3537.49436
34.48000 3474.24303
34.52000 3496.80301
34.56000 3582.05137
34.60000 3568.91159
34.60000 3540.73189
34.64000 3495.03945
34.68000 3501.06746
34.72000 3514.14753
34.76000 3616.80628
34.80000 3644.61188
34.80000 3604.25095
34.84000 3515.20409
34.88000 3536.45016
34.92000 3569.91578
34.96000 3553.86866
35.00000 3581.12431
35.00000 3536.81571
35.04000 3445.28383
35.08000 3462.65506
35.12000 3528.09166
35.16000 3565.28879
35.20000 3478.42757
35.20000 3544.29738
35.24000 3546.81425
35.28000 3549.20532
35.32000 3542.84550
35.36000 3524.97803
35.40000 3536.84504
35.40000 3540.48491
35.44000 3555.20160
35.48000 3545.34515
35.52000 3482.53273
35.56000 3573.92277
35.60000 3580.99277
35.60000 3570.76259
35.64000 3546.44519
35.68000 3499.78006
35.72000 3494.27886
35.76000 3546.16894
35.80000 3506.73106
35.80000 3503.66953
35.84000 3502.30980
35.88000 3490.98590
35.92000 3535.82605
35.96000 3482.97525
36.00000 3532.14121
36.00000 3607.51358
36.04000 3512.87599
36.08000 3547.84206
36.12000 3535.07030
36.16000 3497.27629
36.20000 3507.71019
36.20000 3519.40693
36.24000 3610.81335
36.28000 3549.52273
36.32000 3515.14942
36.36000 3482.31415
36.40000 3497.12827
36.40000 3516.46565
36.44000 3541.46498
36.48000 3506.00069
36.52000 3516.99005
36.56000 3530.60481
36.60000 3560.46740
36.60000 3552.79885
36.64000 3570.24545
36.68000 3521.88934
36.72000 3513.46971
36.76000 3562.16995
36.80000 3533.86466
36.80000 3502.39200
36.84000 3542.94383
36.88000 3502.49787
36.92000 3522.53004
36.96000 3470.95798
37.00000 3535.23631
37.00000 3548.50335
37.04000 3534.67269
37.08000 3574.82825
37.12000 3491.65911
37.16000 3526.79098
37.20000 3536.42037
37.20000 3519.15875
37.24000 3523.80964
37.28000 3506.45285
37.32000 3525.75172
37.36000 3509.39100
37.40000 3553.64529
37.40000 3545.55307
37.44000 3521.81160
37.48000 3575.26093
37.52000 3485.02247
37.56000 3576.70023
37.60000 3498.09996
37.60000 3459.58009
37.64000 3511.68729
37.68000 3490.18882
37.72000 3550.52570
37.76000 3535.09213
37.80000 3519.24841
37.80000 3551.01267
37.84000 3564.35354
37.88000 3575.63601
37.92000 3568.55539
37.96000 3520.69524
38.00000 3540.71501
38.00000 3540.19876
38.04000 3537.45137
38.08000 3473.01711
38.12000 3456.43951
38.16000 3525.65052
38.20000 3561.76957
38.20000 3555.52377
38.24000 3547.73431
38.28000 3480.05079
38.32000 3552.43866
38.36000 3574.98939
38.40000 3514.98490
38.40000 3542.28620
38.44000 3449.50391
38.48000 3511.89541
38.52000 3545.99785
38.56000 3527.95165
38.60000 3493.77824
38.60000 3496.81314
38.64000 3533.07045
38.68000 3565.82106
38.72000 3576.44496
38.76000 3553.87145
38.80000 3545.44090
38.80000 3517.83215
38.84000 3478.18451
38.88000 3536.53755
38.92000 3522.87317
38.96000 3507.19614
39.00000 3515.20807
39.00000 3558.34690
39.04000 3505.52231
39.08000 3544.99242
39.12000 3523.26316
39.16000 3517.29779
39.20000 3499.49475
39.20000 3501.25017
39.24000 3621.52254
39.28000 3560.09498
39.32000 3565.47623
39.36000 3485.60802
39.40000 3483.85029
39.40000 3463.25960
39.44000 3518.72617
39.48000 3583.63831
39.52000 3552.92795
39.56000 3577.74875
39.60000 3599.58067
39.60000 3583.83884
39.64000 3629.95546
39.68000 3579.18679
39.72000 3463.68908
39.76000 3526.99940
39.80000 3557.18587
39.80000 3567.40765
39.84000 3526.70061
39.88000 3520.84804
39.92000 3552.18386
39.96000 3484.05022
40.00000 3503.95149
40.00000 3525.36963
40.04000 3521.14747
40.08000 3510.42800
40.12000 3469.12057
40.16000 3608.30539
40.20000 3527.71149
40.20000 3511.30429
40.24000 3514.90945
40.28000 3526.47895
40.32000 3577.95889
40.36000 3572.44337
40.40000 3522.86873
40.40000 3474.21180
40.44000 3541.16318
40.48000 3597.73010
40.52000 3522.40682
40.56000 3509.26432
40.60000 3497.06786
40.60000 3480.13261
40.64000 3524.33962
40.68000 3477.92380
40.72000 3549.41527
40.76000 3614.40650
40.80000 3570.62779
40.80000 3574.23762
40.84000 3548.57344
40.88000 3527.00173
40.92000 3516.21842
40.96000 3482.60090
41.00000 3518.34571
41.00000 3537.20936
41.04000 3517.50850
41.08000 3566.13792
41.12000 3511.22787
41.16000 3572.94600
41.20000 3478.64461
41.20000 3480.18919
41.24000 3543.75537
41.28000 3521.86197
41.32000 3514.90468
41.36000 3480.30685
41.40000 3496.69796
41.40000 3529.25347
41.44000 3572.99208
41.48000 3559.69307
41.52000 3530.10879
41.56000 3558.17011
41.60000 3558.63419
41.60000 3550.94361
41.64000 3588.87828
41.68000 3499.31888
41.72000 3500.54572
41.76000 3604.94035
41.80000 3525.44789
41.80000 3484.25252
41.84000 3429.08428
41.88000 3507.33221
41.92000 3500.54316
41.96000 3512.49694
42.00000 3498.89407
42.00000 3550.19481
42.04000 3559.01953
42.08000 3507.90795
42.12000 3530.11355
42.16000 3575.01581
42.20000 3478.45950
42.20000 3467.87763
42.24000 3560.25585
42.28000 3580.16000
42.32000 3542.51501
42.36000 3560.03835
42.40000 3586.14921
42.40000 3494.74484
42.44000 3480.41613
42.48000 3485.61902
42.52000 3533.40037
42.56000 3537.26392
42.60000 3516.00588
42.60000 3544.42558
42.64000 3545.61480
42.68000 3486.39140
42.72000 3589.05351
42.76000 3458.24051
42.80000 3515.19855
42.80000 3545.98294
42.84000 3550.90119
42.88000 3523.18305
42.92000 3551.82156
42.96000 3542.66445
43.00000 3449.34495
43.00000 3407.66381
43.04000 3478.18834
43.08000 3584.14034
43.12000 3464.99267
43.16000 3508.74628
43.20000 3488.15049
43.20000 3546.21221
43.24000 3518.96421
43.28000 3485.74555
43.32000 3570.24435
43.36000 3493.00416
43.40000 3495.17540
43.40000 3533.46320
43.44000 3540.56636
43.48000 3527.73356
43.52000 3557.37275
43.56000 3515.97447
43.60000 3482.29581
43.60000 3464.15354
43.64000 3560.49173
43.68000 3636.26948
43.72000 3524.66271
43.76000 3567.03719
43.80000 3548.07877
43.80000 3481.46671
43.84000 3524.97910
43.88000 3481.97388
43.92000 3458.41891
43.96000 3501.29406
44.00000 3465.37985
44.00000 3546.42008
44.04000 3542.39457
44.08000 3613.28392
44.12000 3574.70234
44.16000 3615.04201
44.20000 3561.16827
44.20000 3516.57069
44.24000 3476.55106
44.28000 3519.08686
44.32000 3480.29935
44.36000 3479.88603
44.40000 3538.28105
44.40000 3590.27816
44.44000 3595.37791
44.48000 3608.02751
44.52000 3526.94520
44.56000 3475.50461
44.60000 3584.70593
44.60000 3552.09192
44.64000 3516.47917
44.68000 3523.42885
44.72000 3530.04217
44.76000 3465.60140
44.80000 3482.88444
44.80000 3501.51166
44.84000 3528.68528
44.88000 3483.55121
44.92000 3530.62784
44.96000 3563.12474
45.00000 3533.09924
45.00000 3504.41465
45.04000 3546.07072
45.08000 3537.29561
45.12000 3508.72773
45.16000 3548.57199
45.20000 3533.71863
45.20000 3510.20072
45.24000 3575.54784
45.28000 3558.92760
45.32000 3478.55352
45.36000 3528.56698
45.40000 3506.27482
45.40000 3509.84384
45.44000 3484.48320
45.48000 3455.51418
45.52000 3496.01561
45.56000 3507.03564
45.60000 3495.51962
45.60000 3569.02731
45.64000 3589.23244
45.68000 3547.44496
45.72000 3584.17904
45.76000 3554.53588
45.80000 3548.27903
45.80000 3475.26863
45.84000 3509.31081
45.88000 3532.48523
45.92000 3567.58099
45.96000 3573.12129
46.00000 3546.72700
46.00000 3516.35651
46.04000 3565.10918
46.08000 3512.79858
46.12000 3434.19098
46.16000 3510.92151
46.20000 3465.11273
46.20000 3512.66989
46.24000 3517.40103
46.28000 3534.32856
46.32000 3548.22911
46.36000 3552.16932
46.40000 3556.09161
46.40000 3523.12368
46.44000 3519.99841
46.48000 3524.44126
46.52000 3515.00902
46.56000 3462.46323
46.60000 3541.70377
46.60000 3549.28831
46.64000 3570.32356
46.68000 3520.62831
46.72000 3526.69796
46.76000 3455.79306
46.80000 3471.20856
46.80000 3506.91390
46.84000 3471.79777
46.88000 3497.19200
46.92000 3526.52306
46.96000 3486.51213
47.00000 3572.42290
47.00000 3601.57069
47.04000 3541.97629
47.08000 3504.41215
47.12000 3496.72720
47.16000 3507.08676
47.20000 3529.27342
47.20000 3482.94079
47.24000 3483.78455
47.28000 3483.17635
47.32000 3520.20342
47.36000 3565.75519
47.40000 3564.47951
47.40000 3589.98895
47.44000 3470.81221
47.48000 3535.77120
47.52000 3534.48982
47.56000 3472.03449
47.60000 3462.50494
47.60000 3495.76541
47.64000 3584.81201
47.68000 3595.95232
47.72000 3536.92913
47.76000 3553.04459
47.80000 3529.43331
47.80000 3516.05749
47.84000 3554.76741
47.88000 3522.65688
47.92000 3562.06928
47.96000 3577.58538
48.00000 3549.07063
48.00000 3513.05085
48.04000 3467.14098
48.08000 3477.15815
48.12000 3441.46013
48.16000 3557.55096
48.20000 3500.22870
48.20000 3515.57383
48.24000 3489.16255
48.28000 3526.55169
48.32000 3527.16250
48.36000 3533.17160
48.40000 3466.32159
48.40000 3478.50245
48.44000 3540.68181
48.48000 3559.39617
48.52000 3568.50334
48.56000 3545.89798
48.60000 3510.82713
48.60000 3486.95917
48.64000 3503.02702
48.68000 3522.57934
48.72000 3515.10546
48.76000 3505.52323
48.80000 3545.41765
48.80000 3578.18951
48.84000 3532.53419
48.88000 3514.39817
48.92000 3563.90628
48.96000 3534.99365
49.00000 3586.91135
49.00000 3591.46677
49.04000 3557.01760
49.08000 3566.25907
49.12000 3632.09326
49.16000 3469.35471
49.20000 3543.30728
49.20000 3525.66362
49.24000 3540.14751
49.28000 3497.30912
49.32000 3557.20611
49.36000 3549.33200
49.40000 3492.73301
49.40000 3530.45386
49.44000 3528.73891
49.48000 3564.45489
49.52000 3542.78753
49.56000 3530.26898
49.60000 3565.58789
49.60000 3553.83500
49.64000 3549.39061
49.68000 3566.88636
49.72000 3505.64807
49.76000 3554.79388
49.80000 3630.85145
49.80000 3587.53394
49.84000 3554.43184
49.88000 3526.69420
49.92000 3522.81061
49.96000 3541.66285
50.00000 3543.40382
