DYNA>        0      0.00000 -20034.55489      0.00000 -20034.55489      0.00000
DYNA>       80      0.08000 -20034.56981      2.39814 -20036.96795      0.18487
DYNA>       80      0.08000 -19891.00206    145.96589 -20036.96795     11.25205
DYNA>      160      0.16000 -19890.29402     83.78859 -19974.08261      6.45900
DYNA>      160      0.16000 -19877.83603     96.24658 -19974.08261      7.41934
DYNA>      240      0.24000 -19878.18751     88.38275 -19966.57026      6.81315
DYNA>      240      0.24000 -19773.35462    193.21564 -19966.57026     14.89438
DYNA>      320      0.32000 -19772.60630    131.62727 -19904.23357     10.14673
DYNA>      320      0.32000 -19684.76033    219.47324 -19904.23357     16.91850
DYNA>      400      0.40000 -19684.90078    175.77242 -19860.67321     13.54974
DYNA>      400      0.40000 -19565.06532    295.60789 -19860.67321     22.78748
DYNA>      480      0.48000 -19564.42826    239.80618 -19804.23444     18.48590
DYNA>      480      0.48000 -19441.24562    362.98882 -19804.23444     27.98166
DYNA>      560      0.56000 -19441.11815    303.29788 -19744.41603     23.38028
DYNA>      560      0.56000 -19312.74225    431.67377 -19744.41603     33.27637
DYNA>      640      0.64000 -19312.28510    364.64133 -19676.92643     28.10905
DYNA>      640      0.64000 -19185.19064    491.73579 -19676.92643     37.90636
DYNA>      720      0.72000 -19184.94518    430.93238 -19615.87756     33.21922
DYNA>      720      0.72000 -19055.92329    559.95427 -19615.87756     43.16511
DYNA>      800      0.80000 -19055.54634    506.65276 -19562.19910     39.05626
DYNA>      800      0.80000 -18923.06101    639.13810 -19562.19910     49.26914
DYNA>      880      0.88000 -18922.72268    568.14687 -19490.86955     43.79665
DYNA>      880      0.88000 -18795.91487    694.95468 -19490.86955     53.57186
DYNA>      960      0.96000 -18795.61584    617.93811 -19413.55394     47.63490
DYNA>      960      0.96000 -18664.80448    748.74946 -19413.55394     57.71873
DYNA>     1040      1.04000 -18664.30340    708.63889 -19372.94229     54.62673
DYNA>     1040      1.04000 -18529.53016    843.41213 -19372.94229     65.01598
DYNA>     1120      1.12000 -18529.34885    768.00006 -19297.34891     59.20270
DYNA>     1120      1.12000 -18414.74234    882.60657 -19297.34891     68.03735
DYNA>     1200      1.20000 -18414.44625    807.56822 -19222.01447     62.25288
DYNA>     1200      1.20000 -18278.60906    943.40541 -19222.01447     72.72414
DYNA>     1280      1.28000 -18278.16320    892.07427 -19170.23747     68.76719
DYNA>     1280      1.28000 -18148.08669   1022.15078 -19170.23747     78.79437
DYNA>     1360      1.36000 -18147.82808    966.82898 -19114.65706     74.52979
DYNA>     1360      1.36000 -18035.32524   1079.33182 -19114.65706     83.20228
DYNA>     1440      1.44000 -18034.99752    993.04740 -19028.04493     76.55089
DYNA>     1440      1.44000 -17889.82125   1138.22368 -19028.04493     87.74207
DYNA>     1520      1.52000 -17889.39148   1112.72977 -19002.12125     85.77682
DYNA>     1520      1.52000 -17752.56730   1249.55394 -19002.12125     96.32416
DYNA>     1600      1.60000 -17752.23875   1144.99726 -18897.23601     88.26422
DYNA>     1600      1.60000 -17629.75048   1267.48553 -18897.23601     97.70645
DYNA>     1680      1.68000 -17629.44270   1206.88222 -18836.32493     93.03474
DYNA>     1680      1.68000 -17477.31321   1359.01172 -18836.32493    104.76192
DYNA>     1760      1.76000 -17476.81457   1303.72634 -18780.54090    100.50014
DYNA>     1760      1.76000 -17367.56215   1412.97875 -18780.54090    108.92207
DYNA>     1840      1.84000 -17367.53239   1335.97056 -18703.50295    102.98575
DYNA>     1840      1.84000 -17235.76503   1467.73792 -18703.50295    113.14328
DYNA>     1920      1.92000 -17234.95190   1383.78156 -18618.73345    106.67135
DYNA>     1920      1.92000 -17077.73150   1541.00195 -18618.73345    118.79097
DYNA>     2000      2.00000 -17077.66800   1422.50650 -18500.17450    109.65653
DYNA>     2000      2.00000 -16930.73448   1569.44001 -18500.17450    120.98317
DYNA>     2080      2.08000 -16930.04656   1528.10347 -18458.15004    117.79667
DYNA>     2080      2.08000 -16771.86378   1686.28626 -18458.15004    129.99048
DYNA>     2160      2.16000 -16771.50545   1626.88265 -18398.38810    125.41124
DYNA>     2160      2.16000 -16614.84433   1783.54378 -18398.38810    137.48775
DYNA>     2240      2.24000 -16614.49462   1632.43464 -18246.92926    125.83923
DYNA>     2240      2.24000 -16494.38235   1752.54691 -18246.92926    135.09830
DYNA>     2320      2.32000 -16493.77038   1687.99794 -18181.76832    130.12243
DYNA>     2320      2.32000 -16341.26377   1840.50455 -18181.76832    141.87868
DYNA>     2400      2.40000 -16341.15759   1789.11815 -18130.27574    137.91746
DYNA>     2400      2.40000 -16210.00876   1920.26697 -18130.27574    148.02731
DYNA>     2480      2.48000 -16209.37930   1843.58308 -18052.96238    142.11599
DYNA>     2480      2.48000 -16042.00385   2010.95853 -18052.96238    155.01844
DYNA>     2560      2.56000 -16041.48345   1912.35149 -17953.83494    147.41713
DYNA>     2560      2.56000 -15897.71314   2056.12180 -17953.83494    158.49993
DYNA>     2640      2.64000 -15897.28143   2001.83838 -17899.11982    154.31540
DYNA>     2640      2.64000 -15759.89319   2139.22663 -17899.11982    164.90622
DYNA>     2720      2.72000 -15759.52525   2025.51926 -17785.04451    156.14088
DYNA>     2720      2.72000 -15618.25803   2166.78648 -17785.04451    167.03072
DYNA>     2800      2.80000 -15617.51985   2121.42206 -17738.94191    163.53372
DYNA>     2800      2.80000 -15492.07637   2246.86554 -17738.94191    173.20376
DYNA>     2880      2.88000 -15491.78975   2116.30834 -17608.09809    163.13952
DYNA>     2880      2.88000 -15328.78217   2279.31592 -17608.09809    175.70526
DYNA>     2960      2.96000 -15328.49004   2252.20028 -17580.69032    173.61500
DYNA>     2960      2.96000 -15165.22789   2415.46243 -17580.69032    186.20037
DYNA>     3040      3.04000 -15164.16340   2285.31821 -17449.48161    176.16796
DYNA>     3040      3.04000 -15005.27755   2444.20406 -17449.48161    188.41597
DYNA>     3120      3.12000 -15005.11526   2332.09968 -17337.21494    179.77419
DYNA>     3120      3.12000 -14834.85648   2502.35847 -17337.21494    192.89891
DYNA>     3200      3.20000 -14833.84709   2425.21950 -17259.06659    186.95251
DYNA>     3200      3.20000 -14652.61379   2606.45279 -17259.06659    200.92321
DYNA>     3280      3.28000 -14652.58766   2512.82407 -17165.41173    193.70567
DYNA>     3280      3.28000 -14527.49724   2637.91450 -17165.41173    203.34849
DYNA>     3360      3.36000 -14526.41117   2520.00777 -17046.41894    194.25944
DYNA>     3360      3.36000 -14365.67652   2680.74242 -17046.41894    206.64996
DYNA>     3440      3.44000 -14365.53670   2613.65890 -16979.19560    201.47871
DYNA>     3440      3.44000 -14191.12290   2788.07270 -16979.19560    214.92371
DYNA>     3520      3.52000 -14190.13012   2682.24027 -16872.37040    206.76543
DYNA>     3520      3.52000 -14040.80102   2831.56937 -16872.37040    218.27674
DYNA>     3600      3.60000 -14039.85319   2698.44532 -16738.29852    208.01462
DYNA>     3600      3.60000 -13859.54775   2878.75077 -16738.29852    221.91380
DYNA>     3680      3.68000 -13858.60948   2755.50569 -16614.11517    212.41323
DYNA>     3680      3.68000 -13695.97232   2918.14284 -16614.11517    224.95041
DYNA>     3760      3.76000 -13695.97485   2857.26767 -16553.24251    220.25774
DYNA>     3760      3.76000 -13516.81401   3036.42850 -16553.24251    234.06868
DYNA>     3840      3.84000 -13515.83022   2910.24750 -16426.07771    224.34178
DYNA>     3840      3.84000 -13333.62230   3092.45541 -16426.07771    238.38762
DYNA>     3920      3.92000 -13333.01510   2947.24819 -16280.26330    227.19405
DYNA>     3920      3.92000 -13134.12146   3146.14183 -16280.26330    242.52613
DYNA>     4000      4.00000 -13132.82133   3030.88285 -16163.70417    233.64118
DYNA>     4000      4.00000 -12960.31997   3203.38420 -16163.70417    246.93877
DYNA>     4080      4.08000 -12959.89043   3053.58525 -16013.47568    235.39124
DYNA>     4080      4.08000 -12779.51389   3233.96179 -16013.47568    249.29589
DYNA>     4160      4.16000 -12778.63211   3168.96296 -15947.59507    244.28534
DYNA>     4160      4.16000 -12601.83085   3345.76422 -15947.59507    257.91439
DYNA>     4240      4.24000 -12601.05738   3169.86025 -15770.91763    244.35451
DYNA>     4240      4.24000 -12408.02178   3362.89586 -15770.91763    259.23501
DYNA>     4320      4.32000 -12407.47081   3277.23572 -15684.70653    252.63175
DYNA>     4320      4.32000 -12211.31480   3473.39173 -15684.70653    267.75279
DYNA>     4400      4.40000 -12209.77386   3287.90537 -15497.67922    253.45423
DYNA>     4400      4.40000 -11989.66847   3508.01075 -15497.67922    270.42146
DYNA>     4480      4.48000 -11989.04361   3406.18563 -15395.22924    262.57209
DYNA>     4480      4.48000 -11796.26169   3598.96755 -15395.22924    277.43304
DYNA>     4560      4.56000 -11795.69926   3447.74058 -15243.43985    265.77543
DYNA>     4560      4.56000 -11621.97007   3621.46978 -15243.43985    279.16766
DYNA>     4640      4.64000 -11621.72969   3578.21403 -15199.94372    275.83321
DYNA>     4640      4.64000 -11411.09020   3788.85353 -15199.94372    292.07075
DYNA>     4720      4.72000 -11409.06851   3688.39684 -15097.46535    284.32686
DYNA>     4720      4.72000 -11258.56014   3838.90521 -15097.46535    295.92907
DYNA>     4800      4.80000 -11257.58719   3686.04597 -14943.63316    284.14564
DYNA>     4800      4.80000 -11115.56444   3828.06872 -14943.63316    295.09372
DYNA>     4880      4.88000 -11115.23268   3717.58727 -14832.81995    286.57705
DYNA>     4880      4.88000 -10958.28121   3874.53875 -14832.81995    298.67595
DYNA>     4960      4.96000 -10957.36230   3784.97442 -14742.33672    291.77172
DYNA>     5040      5.04000 -10958.30322   3786.43128 -14744.73450    291.88402
DYNA>     5120      5.12000 -10957.11403   3705.95837 -14663.07240    285.68062
DYNA>     5200      5.20000 -10957.19320   3739.62595 -14696.81915    288.27595
DYNA>     5280      5.28000 -10958.56194   3768.92869 -14727.49063    290.53480
DYNA>     5360      5.36000 -10958.51607   3739.06852 -14697.58459    288.23298
DYNA>     5440      5.44000 -10958.97431   3808.80467 -14767.77898    293.60872
DYNA>     5520      5.52000 -10958.98345   3769.82272 -14728.80617    290.60372
DYNA>     5600      5.60000 -10960.07951   3722.56387 -14682.64338    286.96069
DYNA>     5680      5.68000 -10957.00916   3692.71922 -14649.72838    284.66006
DYNA>     5760      5.76000 -10959.61937   3747.18255 -14706.80192    288.85846
DYNA>     5840      5.84000 -10957.31388   3695.23005 -14652.54393    284.85361
DYNA>     5920      5.92000 -10960.66898   3722.56307 -14683.23205    286.96062
DYNA>     6000      6.00000 -10960.72767   3759.22104 -14719.94872    289.78647
DYNA>     6080      6.08000 -10958.94975   3741.24645 -14700.19620    288.40087
DYNA>     6160      6.16000 -10958.62051   3722.51127 -14681.13178    286.95663
DYNA>     6240      6.24000 -10957.67937   3699.23633 -14656.91570    285.16244
DYNA>     6320      6.32000 -10959.89717   3772.37523 -14732.27240    290.80049
DYNA>     6400      6.40000 -10959.70247   3683.91105 -14643.61352    283.98106
DYNA>     6480      6.48000 -10960.42308   3661.86648 -14622.28956    282.28172
DYNA>     6560      6.56000 -10961.82247   3759.73629 -14721.55876    289.82619
DYNA>     6640      6.64000 -10958.96523   3686.38291 -14645.34814    284.17161
DYNA>     6720      6.72000 -10960.97799   3684.24829 -14645.22628    284.00706
DYNA>     6800      6.80000 -10959.12990   3666.12779 -14625.25769    282.61021
DYNA>     6880      6.88000 -10960.78054   3709.94539 -14670.72593    285.98797
DYNA>     6960      6.96000 -10961.69165   3717.25967 -14678.95133    286.55180
DYNA>     7040      7.04000 -10958.21108   3645.81529 -14604.02637    281.04438
DYNA>     7120      7.12000 -10961.41603   3708.20715 -14669.62318    285.85397
DYNA>     7200      7.20000 -10961.24662   3681.14699 -14642.39361    283.76799
DYNA>     7280      7.28000 -10961.60541   3721.03401 -14682.63943    286.84275
DYNA>     7360      7.36000 -10960.60780   3807.87182 -14768.47962    293.53681
DYNA>     7440      7.44000 -10960.50067   3764.36129 -14724.86196    290.18272
DYNA>     7520      7.52000 -10961.36406   3707.46382 -14668.82788    285.79667
DYNA>     7600      7.60000 -10961.09111   3777.59226 -14738.68337    291.20265
DYNA>     7680      7.68000 -10962.37799   3725.39561 -14687.77360    287.17897
DYNA>     7760      7.76000 -10962.67381   3707.65759 -14670.33141    285.81161
DYNA>     7840      7.84000 -10961.43801   3729.54733 -14690.98534    287.49902
DYNA>     7920      7.92000 -10961.28099   3764.50811 -14725.78910    290.19403
DYNA>     8000      8.00000 -10962.05533   3749.35896 -14711.41428    289.02623
DYNA>     8080      8.08000 -10962.48951   3712.95160 -14675.44112    286.21971
DYNA>     8160      8.16000 -10963.29955   3747.06481 -14710.36436    288.84939
DYNA>     8240      8.24000 -10961.82429   3793.27276 -14755.09705    292.41141
DYNA>     8320      8.32000 -10963.05313   3664.95640 -14628.00953    282.51991
DYNA>     8400      8.40000 -10962.28289   3708.25149 -14670.53438    285.85739
DYNA>     8480      8.48000 -10962.53857   3717.16463 -14679.70320    286.54448
DYNA>     8560      8.56000 -10962.15295   3676.32190 -14638.47486    283.39604
DYNA>     8640      8.64000 -10962.22322   3691.40790 -14653.63111    284.55897
DYNA>     8720      8.72000 -10961.50014   3730.62566 -14692.12580    287.58214
DYNA>     8800      8.80000 -10962.67188   3743.50049 -14706.17237    288.57462
DYNA>     8880      8.88000 -10961.42269   3653.12401 -14614.54670    281.60779
DYNA>     8960      8.96000 -10963.46959   3754.60317 -14718.07277    289.43049
DYNA>     9040      9.04000 -10962.84484   3734.91011 -14697.75495    287.91242
DYNA>     9120      9.12000 -10963.27182   3767.38159 -14730.65341    290.41554
DYNA>     9200      9.20000 -10962.80529   3745.31656 -14708.12185    288.71462
DYNA>     9280      9.28000 -10963.92367   3676.21550 -14640.13918    283.38784
DYNA>     9360      9.36000 -10963.24741   3712.18395 -14675.43136    286.16053
DYNA>     9440      9.44000 -10963.36740   3759.81464 -14723.18205    289.83223
DYNA>     9520      9.52000 -10963.34050   3786.07009 -14749.41059    291.85618
DYNA>     9600      9.60000 -10963.18418   3747.46268 -14710.64687    288.88006
DYNA>     9680      9.68000 -10964.02764   3745.41847 -14709.44612    288.72247
DYNA>     9760      9.76000 -10963.03685   3723.46605 -14686.50290    287.03023
DYNA>     9840      9.84000 -10964.43364   3787.05472 -14751.48836    291.93208
DYNA>     9920      9.92000 -10962.41596   3721.31057 -14683.72653    286.86407
DYNA>    10000     10.00000 -10963.74796   3713.91676 -14677.66472    286.29411
DYNA>    10080     10.08000 -10962.70317   3698.29801 -14661.00118    285.09011
DYNA>    10160     10.16000 -10964.63400   3711.65790 -14676.29190    286.11998
DYNA>    10240     10.24000 -10965.73522   3746.92383 -14712.65906    288.83852
DYNA>    10320     10.32000 -10964.42298   3703.14410 -14667.56708    285.46368
DYNA>    10400     10.40000 -10965.26869   3758.11589 -14723.38459    289.70128
DYNA>    10480     10.48000 -10966.16507   3702.09382 -14668.25889    285.38271
DYNA>    10560     10.56000 -10963.69440   3681.79499 -14645.48939    283.81794
DYNA>    10640     10.64000 -10963.61406   3727.96473 -14691.57880    287.37702
DYNA>    10720     10.72000 -10966.64711   3823.39840 -14790.04551    294.73370
DYNA>    10800     10.80000 -10964.88301   3715.32381 -14680.20682    286.40257
DYNA>    10880     10.88000 -10964.11048   3768.93689 -14733.04737    290.53543
DYNA>    10960     10.96000 -10966.14856   3699.44080 -14665.58936    285.17820
DYNA>    11040     11.04000 -10966.57728   3765.06670 -14731.64398    290.23709
DYNA>    11120     11.12000 -10965.71427   3792.34330 -14758.05757    292.33976
DYNA>    11200     11.20000 -10963.28133   3825.97849 -14789.25982    294.93259
DYNA>    11280     11.28000 -10966.68957   3820.52336 -14787.21293    294.51207
DYNA>    11360     11.36000 -10965.95077   3793.31855 -14759.26932    292.41494
DYNA>    11440     11.44000 -10966.56342   3757.92877 -14724.49219    289.68685
DYNA>    11520     11.52000 -10967.08444   3813.89305 -14780.97749    294.00096
DYNA>    11600     11.60000 -10965.18264   3766.80625 -14731.98889    290.37119
DYNA>    11680     11.68000 -10967.87404   3745.32840 -14713.20244    288.71553
DYNA>    11760     11.76000 -10966.22970   3788.68904 -14754.91874    292.05807
DYNA>    11840     11.84000 -10965.38049   3760.12983 -14725.51032    289.85653
DYNA>    11920     11.92000 -10966.47645   3710.80113 -14677.27757    286.05393
DYNA>    12000     12.00000 -10963.58446   3726.32620 -14689.91065    287.25071
DYNA>    12080     12.08000 -10968.60091   3819.71900 -14788.31991    294.45007
DYNA>    12160     12.16000 -10966.72774   3766.97504 -14733.70278    290.38420
DYNA>    12240     12.24000 -10966.36450   3739.33522 -14705.69971    288.25354
DYNA>    12320     12.32000 -10966.24060   3726.70796 -14692.94857    287.28014
DYNA>    12400     12.40000 -10968.25859   3822.61569 -14790.87429    294.67336
DYNA>    12480     12.48000 -10966.28696   3716.79038 -14683.07734    286.51563
DYNA>    12560     12.56000 -10967.01676   3802.27663 -14769.29340    293.10549
DYNA>    12640     12.64000 -10964.52961   3746.21919 -14710.74880    288.78420
DYNA>    12720     12.72000 -10967.91116   3790.80243 -14758.71359    292.22098
DYNA>    12800     12.80000 -10965.54882   3819.63736 -14785.18618    294.44377
DYNA>    12880     12.88000 -10966.00010   3771.63960 -14737.63970    290.74378
DYNA>    12960     12.96000 -10967.60202   3732.65241 -14700.25443    287.73838
DYNA>    13040     13.04000 -10967.05710   3777.11230 -14744.16941    291.16565
DYNA>    13120     13.12000 -10967.82120   3781.82709 -14749.64829    291.52910
DYNA>    13200     13.20000 -10966.68908   3773.89025 -14740.57932    290.91727
DYNA>    13280     13.28000 -10967.42036   3791.14673 -14758.56709    292.24752
DYNA>    13360     13.36000 -10966.77697   3788.57305 -14755.35002    292.04912
DYNA>    13440     13.44000 -10970.01988   3761.96524 -14731.98512    289.99801
DYNA>    13520     13.52000 -10965.41070   3779.47985 -14744.89055    291.34816
DYNA>    13600     13.60000 -10970.05365   3774.93318 -14744.98684    290.99767
DYNA>    13680     13.68000 -10966.36952   3724.54084 -14690.91036    287.11308
DYNA>    13760     13.76000 -10972.84417   3793.25014 -14766.09431    292.40967
DYNA>    13840     13.84000 -10965.91602   3751.69796 -14717.61398    289.20654
DYNA>    13920     13.92000 -10970.23122   3839.69384 -14809.92507    295.98986
DYNA>    14000     14.00000 -10965.81322   3786.95316 -14752.76638    291.92425
DYNA>    14080     14.08000 -10968.38050   3842.88311 -14811.26361    296.23572
DYNA>    14160     14.16000 -10968.76694   3840.05279 -14808.81974    296.01753
DYNA>    14240     14.24000 -10965.96692   3738.94270 -14704.90962    288.22328
DYNA>    14320     14.32000 -10969.86405   3780.74142 -14750.60547    291.44541
DYNA>    14400     14.40000 -10966.74893   3819.71359 -14786.46252    294.44965
DYNA>    14480     14.48000 -10967.99873   3766.65050 -14734.64923    290.35918
DYNA>    14560     14.56000 -10968.10697   3744.30894 -14712.41591    288.63694
DYNA>    14640     14.64000 -10969.95586   3768.09328 -14738.04914    290.47040
DYNA>    14720     14.72000 -10968.26713   3760.06286 -14728.32998    289.85136
DYNA>    14800     14.80000 -10968.29661   3774.57617 -14742.87278    290.97015
DYNA>    14880     14.88000 -10969.43658   3807.97444 -14777.41102    293.54472
DYNA>    14960     14.96000 -10966.57355   3765.02395 -14731.59751    290.23380
DYNA>    15040     15.04000 -10967.93389   3823.89859 -14791.83249    294.77226
DYNA>    15120     15.12000 -10968.92379   3802.77294 -14771.69672    293.14375
DYNA>    15200     15.20000 -10971.29333   3797.40944 -14768.70277    292.73029
DYNA>    15280     15.28000 -10967.06281   3798.80269 -14765.86551    292.83770
DYNA>    15360     15.36000 -10973.89523   3880.59254 -14854.48777    299.14262
DYNA>    15440     15.44000 -10963.44185   3778.85948 -14742.30134    291.30034
DYNA>    15520     15.52000 -10971.53888   3836.96786 -14808.50674    295.77973
DYNA>    15600     15.60000 -10965.73172   3746.13576 -14711.86748    288.77777
DYNA>    15680     15.68000 -10970.39975   3852.22158 -14822.62133    296.95559
DYNA>    15760     15.76000 -10967.12612   3809.41190 -14776.53802    293.65553
DYNA>    15840     15.84000 -10970.02274   3808.49241 -14778.51514    293.58464
DYNA>    15920     15.92000 -10969.33755   3826.25098 -14795.58853    294.95360
DYNA>    16000     16.00000 -10969.03397   3777.62822 -14746.66220    291.20542
DYNA>    16080     16.08000 -10968.03335   3746.97970 -14715.01305    288.84282
DYNA>    16160     16.16000 -10971.09757   3787.53562 -14758.63319    291.96915
DYNA>    16240     16.24000 -10970.24860   3823.96768 -14794.21628    294.77758
DYNA>    16320     16.32000 -10970.13280   3812.77843 -14782.91122    293.91504
DYNA>    16400     16.40000 -10971.18251   3816.82642 -14788.00893    294.22709
DYNA>    16480     16.48000 -10969.93478   3714.69311 -14684.62788    286.35395
DYNA>    16560     16.56000 -10969.93599   3771.74437 -14741.68036    290.75185
DYNA>    16640     16.64000 -10970.34487   3845.72157 -14816.06643    296.45452
DYNA>    16720     16.72000 -10968.43833   3757.02089 -14725.45922    289.61687
DYNA>    16800     16.80000 -10970.81721   3804.40964 -14775.22685    293.26992
DYNA>    16880     16.88000 -10968.97630   3807.99736 -14776.97366    293.54648
DYNA>    16960     16.96000 -10970.11921   3816.60409 -14786.72331    294.20995
DYNA>    17040     17.04000 -10970.92555   3777.29659 -14748.22214    291.17986
DYNA>    17120     17.12000 -10968.36662   3787.59241 -14755.95903    291.97353
DYNA>    17200     17.20000 -10970.88815   3846.71723 -14817.60538    296.53128
DYNA>    17280     17.28000 -10969.75771   3832.58408 -14802.34179    295.44180
DYNA>    17360     17.36000 -10971.61220   3829.14683 -14800.75903    295.17683
DYNA>    17440     17.44000 -10967.31719   3826.01286 -14793.33005    294.93524
DYNA>    17520     17.52000 -10969.87178   3759.58604 -14729.45782    289.81461
DYNA>    17600     17.60000 -10968.61149   3751.27918 -14719.89068    289.17426
DYNA>    17680     17.68000 -10971.52829   3840.74295 -14812.27124    296.07074
DYNA>    17760     17.76000 -10967.13575   3758.60819 -14725.74394    289.73923
DYNA>    17840     17.84000 -10970.80896   3781.28735 -14752.09631    291.48749
DYNA>    17920     17.92000 -10972.17627   3833.77034 -14805.94662    295.53324
DYNA>    18000     18.00000 -10968.22797   3769.89725 -14738.12522    290.60947
DYNA>    18080     18.08000 -10971.07834   3744.50014 -14715.57847    288.65168
DYNA>    18160     18.16000 -10970.91704   3780.73435 -14751.65138    291.44486
DYNA>    18240     18.24000 -10970.64086   3819.50085 -14790.14171    294.43325
DYNA>    18320     18.32000 -10972.73928   3870.54140 -14843.28068    298.36781
DYNA>    18400     18.40000 -10969.20169   3804.68787 -14773.88956    293.29136
DYNA>    18480     18.48000 -10970.17978   3805.82107 -14776.00085    293.37872
DYNA>    18560     18.56000 -10971.31735   3838.12493 -14809.44229    295.86892
DYNA>    18640     18.64000 -10967.04919   3786.27786 -14753.32705    291.87220
DYNA>    18720     18.72000 -10971.15343   3858.31726 -14829.47069    297.42549
DYNA>    18800     18.80000 -10969.77829   3784.52375 -14754.30204    291.73698
DYNA>    18880     18.88000 -10970.73042   3818.26418 -14788.99460    294.33792
DYNA>    18960     18.96000 -10970.56863   3847.07478 -14817.64341    296.55884
DYNA>    19040     19.04000 -10969.86375   3848.15784 -14818.02160    296.64233
DYNA>    19120     19.12000 -10970.15580   3864.95499 -14835.11079    297.93717
DYNA>    19200     19.20000 -10968.97848   3746.74593 -14715.72442    288.82480
DYNA>    19280     19.28000 -10969.47608   3749.78866 -14719.26473    289.05936
DYNA>    19360     19.36000 -10971.78891   3868.68166 -14840.47057    298.22444
DYNA>    19440     19.44000 -10970.61979   3848.97331 -14819.59310    296.70519
DYNA>    19520     19.52000 -10970.56391   3797.37359 -14767.93750    292.72753
DYNA>    19600     19.60000 -10972.24719   3822.12807 -14794.37526    294.63577
DYNA>    19680     19.68000 -10971.20251   3849.63894 -14820.84145    296.75650
DYNA>    19760     19.76000 -10973.01184   3867.89380 -14840.90564    298.16371
DYNA>    19840     19.84000 -10969.95722   3868.81953 -14838.77675    298.23507
DYNA>    19920     19.92000 -10969.28939   3787.17239 -14756.46178    291.94115
DYNA>    20000     20.00000 -10970.39510   3786.86862 -14757.26371    291.91773
