0.00000 -20034.55489
0.08000 -20036.96795
0.08000 -20036.96795
0.16000 -19974.08261
0.16000 -19974.08261
0.24000 -19966.57026
0.24000 -19966.57026
0.32000 -19904.23357
0.32000 -19904.23357
0.40000 -19860.67321
0.40000 -19860.67321
0.48000 -19804.23444
0.48000 -19804.23444
0.56000 -19744.41603
0.56000 -19744.41603
0.64000 -19676.92643
0.64000 -19676.92643
0.72000 -19615.87756
0.72000 -19615.87756
0.80000 -19562.19910
0.80000 -19562.19910
0.88000 -19490.86955
0.88000 -19490.86955
0.96000 -19413.55394
0.96000 -19413.55394
1.04000 -19372.94229
1.04000 -19372.94229
1.12000 -19297.34891
1.12000 -19297.34891
1.20000 -19222.01447
1.20000 -19222.01447
1.28000 -19170.23747
1.28000 -19170.23747
1.36000 -19114.65706
1.36000 -19114.65706
1.44000 -19028.04493
1.44000 -19028.04493
1.52000 -19002.12125
1.52000 -19002.12125
1.60000 -18897.23601
1.60000 -18897.23601
1.68000 -18836.32493
1.68000 -18836.32493
1.76000 -18780.54090
1.76000 -18780.54090
1.84000 -18703.50295
1.84000 -18703.50295
1.92000 -18618.73345
1.92000 -18618.73345
2.00000 -18500.17450
2.00000 -18500.17450
2.08000 -18458.15004
2.08000 -18458.15004
2.16000 -18398.38810
2.16000 -18398.38810
2.24000 -18246.92926
2.24000 -18246.92926
2.32000 -18181.76832
2.32000 -18181.76832
2.40000 -18130.27574
2.40000 -18130.27574
2.48000 -18052.96238
2.48000 -18052.96238
2.56000 -17953.83494
2.56000 -17953.83494
2.64000 -17899.11982
2.64000 -17899.11982
2.72000 -17785.04451
2.72000 -17785.04451
2.80000 -17738.94191
2.80000 -17738.94191
2.88000 -17608.09809
2.88000 -17608.09809
2.96000 -17580.69032
2.96000 -17580.69032
3.04000 -17449.48161
3.04000 -17449.48161
3.12000 -17337.21494
3.12000 -17337.21494
3.20000 -17259.06659
3.20000 -17259.06659
3.28000 -17165.41173
3.28000 -17165.41173
3.36000 -17046.41894
3.36000 -17046.41894
3.44000 -16979.19560
3.44000 -16979.19560
3.52000 -16872.37040
3.52000 -16872.37040
3.60000 -16738.29852
3.60000 -16738.29852
3.68000 -16614.11517
3.68000 -16614.11517
3.76000 -16553.24251
3.76000 -16553.24251
3.84000 -16426.07771
3.84000 -16426.07771
3.92000 -16280.26330
3.92000 -16280.26330
4.00000 -16163.70417
4.00000 -16163.70417
4.08000 -16013.47568
4.08000 -16013.47568
4.16000 -15947.59507
4.16000 -15947.59507
4.24000 -15770.91763
4.24000 -15770.91763
4.32000 -15684.70653
4.32000 -15684.70653
4.40000 -15497.67922
4.40000 -15497.67922
4.48000 -15395.22924
4.48000 -15395.22924
4.56000 -15243.43985
4.56000 -15243.43985
4.64000 -15199.94372
4.64000 -15199.94372
4.72000 -15097.46535
4.72000 -15097.46535
4.80000 -14943.63316
4.80000 -14943.63316
4.88000 -14832.81995
4.88000 -14832.81995
4.96000 -14742.33672
5.04000 -14744.73450
5.12000 -14663.07240
5.20000 -14696.81915
5.28000 -14727.49063
5.36000 -14697.58459
5.44000 -14767.77898
5.52000 -14728.80617
5.60000 -14682.64338
5.68000 -14649.72838
5.76000 -14706.80192
5.84000 -14652.54393
5.92000 -14683.23205
6.00000 -14719.94872
6.08000 -14700.19620
6.16000 -14681.13178
6.24000 -14656.91570
6.32000 -14732.27240
6.40000 -14643.61352
6.48000 -14622.28956
6.56000 -14721.55876
6.64000 -14645.34814
6.72000 -14645.22628
6.80000 -14625.25769
6.88000 -14670.72593
6.96000 -14678.95133
7.04000 -14604.02637
7.12000 -14669.62318
7.20000 -14642.39361
7.28000 -14682.63943
7.36000 -14768.47962
7.44000 -14724.86196
7.52000 -14668.82788
7.60000 -14738.68337
7.68000 -14687.77360
7.76000 -14670.33141
7.84000 -14690.98534
7.92000 -14725.78910
8.00000 -14711.41428
8.08000 -14675.44112
8.16000 -14710.36436
8.24000 -14755.09705
8.32000 -14628.00953
8.40000 -14670.53438
8.48000 -14679.70320
8.56000 -14638.47486
8.64000 -14653.63111
8.72000 -14692.12580
8.80000 -14706.17237
8.88000 -14614.54670
8.96000 -14718.07277
9.04000 -14697.75495
9.12000 -14730.65341
9.20000 -14708.12185
9.28000 -14640.13918
9.36000 -14675.43136
9.44000 -14723.18205
9.52000 -14749.41059
9.60000 -14710.64687
9.68000 -14709.44612
9.76000 -14686.50290
9.84000 -14751.48836
9.92000 -14683.72653
10.00000 -14677.66472
10.08000 -14661.00118
10.16000 -14676.29190
10.24000 -14712.65906
10.32000 -14667.56708
10.40000 -14723.38459
10.48000 -14668.25889
10.56000 -14645.48939
10.64000 -14691.57880
10.72000 -14790.04551
10.80000 -14680.20682
10.88000 -14733.04737
10.96000 -14665.58936
11.04000 -14731.64398
11.12000 -14758.05757
11.20000 -14789.25982
11.28000 -14787.21293
11.36000 -14759.26932
11.44000 -14724.49219
11.52000 -14780.97749
11.60000 -14731.98889
11.68000 -14713.20244
11.76000 -14754.91874
11.84000 -14725.51032
11.92000 -14677.27757
12.00000 -14689.91065
12.08000 -14788.31991
12.16000 -14733.70278
12.24000 -14705.69971
12.32000 -14692.94857
12.40000 -14790.87429
12.48000 -14683.07734
12.56000 -14769.29340
12.64000 -14710.74880
12.72000 -14758.71359
12.80000 -14785.18618
12.88000 -14737.63970
12.96000 -14700.25443
13.04000 -14744.16941
13.12000 -14749.64829
13.20000 -14740.57932
13.28000 -14758.56709
13.36000 -14755.35002
13.44000 -14731.98512
13.52000 -14744.89055
13.60000 -14744.98684
13.68000 -14690.91036
13.76000 -14766.09431
13.84000 -14717.61398
13.92000 -14809.92507
14.00000 -14752.76638
14.08000 -14811.26361
14.16000 -14808.81974
14.24000 -14704.90962
14.32000 -14750.60547
14.40000 -14786.46252
14.48000 -14734.64923
14.56000 -14712.41591
14.64000 -14738.04914
14.72000 -14728.32998
14.80000 -14742.87278
14.88000 -14777.41102
14.96000 -14731.59751
15.04000 -14791.83249
15.12000 -14771.69672
15.20000 -14768.70277
15.28000 -14765.86551
15.36000 -14854.48777
15.44000 -14742.30134
15.52000 -14808.50674
15.60000 -14711.86748
15.68000 -14822.62133
15.76000 -14776.53802
15.84000 -14778.51514
15.92000 -14795.58853
16.00000 -14746.66220
16.08000 -14715.01305
16.16000 -14758.63319
16.24000 -14794.21628
16.32000 -14782.91122
16.40000 -14788.00893
16.48000 -14684.62788
16.56000 -14741.68036
16.64000 -14816.06643
16.72000 -14725.45922
16.80000 -14775.22685
16.88000 -14776.97366
16.96000 -14786.72331
17.04000 -14748.22214
17.12000 -14755.95903
17.20000 -14817.60538
17.28000 -14802.34179
17.36000 -14800.75903
17.44000 -14793.33005
17.52000 -14729.45782
17.60000 -14719.89068
17.68000 -14812.27124
17.76000 -14725.74394
17.84000 -14752.09631
17.92000 -14805.94662
18.00000 -14738.12522
18.08000 -14715.57847
18.16000 -14751.65138
18.24000 -14790.14171
18.32000 -14843.28068
18.40000 -14773.88956
18.48000 -14776.00085
18.56000 -14809.44229
18.64000 -14753.32705
18.72000 -14829.47069
18.80000 -14754.30204
18.88000 -14788.99460
18.96000 -14817.64341
19.04000 -14818.02160
19.12000 -14835.11079
19.20000 -14715.72442
19.28000 -14719.26473
19.36000 -14840.47057
19.44000 -14819.59310
19.52000 -14767.93750
19.60000 -14794.37526
19.68000 -14820.84145
19.76000 -14840.90564
19.84000 -14838.77675
19.92000 -14756.46178
20.00000 -14757.26371
