0.00000 0.00000
0.08000 2.39814
0.08000 145.96589
0.16000 83.78859
0.16000 96.24658
0.24000 88.38275
0.24000 193.21564
0.32000 131.62727
0.32000 219.47324
0.40000 175.77242
0.40000 295.60789
0.48000 239.80618
0.48000 362.98882
0.56000 303.29788
0.56000 431.67377
0.64000 364.64133
0.64000 491.73579
0.72000 430.93238
0.72000 559.95427
0.80000 506.65276
0.80000 639.13810
0.88000 568.14687
0.88000 694.95468
0.96000 617.93811
0.96000 748.74946
1.04000 708.63889
1.04000 843.41213
1.12000 768.00006
1.12000 882.60657
1.20000 807.56822
1.20000 943.40541
1.28000 892.07427
1.28000 1022.15078
1.36000 966.82898
1.36000 1079.33182
1.44000 993.04740
1.44000 1138.22368
1.52000 1112.72977
1.52000 1249.55394
1.60000 1144.99726
1.60000 1267.48553
1.68000 1206.88222
1.68000 1359.01172
1.76000 1303.72634
1.76000 1412.97875
1.84000 1335.97056
1.84000 1467.73792
1.92000 1383.78156
1.92000 1541.00195
2.00000 1422.50650
2.00000 1569.44001
2.08000 1528.10347
2.08000 1686.28626
2.16000 1626.88265
2.16000 1783.54378
2.24000 1632.43464
2.24000 1752.54691
2.32000 1687.99794
2.32000 1840.50455
2.40000 1789.11815
2.40000 1920.26697
2.48000 1843.58308
2.48000 2010.95853
2.56000 1912.35149
2.56000 2056.12180
2.64000 2001.83838
2.64000 2139.22663
2.72000 2025.51926
2.72000 2166.78648
2.80000 2121.42206
2.80000 2246.86554
2.88000 2116.30834
2.88000 2279.31592
2.96000 2252.20028
2.96000 2415.46243
3.04000 2285.31821
3.04000 2444.20406
3.12000 2332.09968
3.12000 2502.35847
3.20000 2425.21950
3.20000 2606.45279
3.28000 2512.82407
3.28000 2637.91450
3.36000 2520.00777
3.36000 2680.74242
3.44000 2613.65890
3.44000 2788.07270
3.52000 2682.24027
3.52000 2831.56937
3.60000 2698.44532
3.60000 2878.75077
3.68000 2755.50569
3.68000 2918.14284
3.76000 2857.26767
3.76000 3036.42850
3.84000 2910.24750
3.84000 3092.45541
3.92000 2947.24819
3.92000 3146.14183
4.00000 3030.88285
4.00000 3203.38420
4.08000 3053.58525
4.08000 3233.96179
4.16000 3168.96296
4.16000 3345.76422
4.24000 3169.86025
4.24000 3362.89586
4.32000 3277.23572
4.32000 3473.39173
4.40000 3287.90537
4.40000 3508.01075
4.48000 3406.18563
4.48000 3598.96755
4.56000 3447.74058
4.56000 3621.46978
4.64000 3578.21403
4.64000 3788.85353
4.72000 3688.39684
4.72000 3838.90521
4.80000 3686.04597
4.80000 3828.06872
4.88000 3717.58727
4.88000 3874.53875
4.96000 3784.97442
5.04000 3786.43128
5.12000 3705.95837
5.20000 3739.62595
5.28000 3768.92869
5.36000 3739.06852
5.44000 3808.80467
5.52000 3769.82272
5.60000 3722.56387
5.68000 3692.71922
5.76000 3747.18255
5.84000 3695.23005
5.92000 3722.56307
6.00000 3759.22104
6.08000 3741.24645
6.16000 3722.51127
6.24000 3699.23633
6.32000 3772.37523
6.40000 3683.91105
6.48000 3661.86648
6.56000 3759.73629
6.64000 3686.38291
6.72000 3684.24829
6.80000 3666.12779
6.88000 3709.94539
6.96000 3717.25967
7.04000 3645.81529
7.12000 3708.20715
7.20000 3681.14699
7.28000 3721.03401
7.36000 3807.87182
7.44000 3764.36129
7.52000 3707.46382
7.60000 3777.59226
7.68000 3725.39561
7.76000 3707.65759
7.84000 3729.54733
7.92000 3764.50811
8.00000 3749.35896
8.08000 3712.95160
8.16000 3747.06481
8.24000 3793.27276
8.32000 3664.95640
8.40000 3708.25149
8.48000 3717.16463
8.56000 3676.32190
8.64000 3691.40790
8.72000 3730.62566
8.80000 3743.50049
8.88000 3653.12401
8.96000 3754.60317
9.04000 3734.91011
9.12000 3767.38159
9.20000 3745.31656
9.28000 3676.21550
9.36000 3712.18395
9.44000 3759.81464
9.52000 3786.07009
9.60000 3747.46268
9.68000 3745.41847
9.76000 3723.46605
9.84000 3787.05472
9.92000 3721.31057
10.00000 3713.91676
10.08000 3698.29801
10.16000 3711.65790
10.24000 3746.92383
10.32000 3703.14410
10.40000 3758.11589
10.48000 3702.09382
10.56000 3681.79499
10.64000 3727.96473
10.72000 3823.39840
10.80000 3715.32381
10.88000 3768.93689
10.96000 3699.44080
11.04000 3765.06670
11.12000 3792.34330
11.20000 3825.97849
11.28000 3820.52336
11.36000 3793.31855
11.44000 3757.92877
11.52000 3813.89305
11.60000 3766.80625
11.68000 3745.32840
11.76000 3788.68904
11.84000 3760.12983
11.92000 3710.80113
12.00000 3726.32620
12.08000 3819.71900
12.16000 3766.97504
12.24000 3739.33522
12.32000 3726.70796
12.40000 3822.61569
12.48000 3716.79038
12.56000 3802.27663
12.64000 3746.21919
12.72000 3790.80243
12.80000 3819.63736
12.88000 3771.63960
12.96000 3732.65241
13.04000 3777.11230
13.12000 3781.82709
13.20000 3773.89025
13.28000 3791.14673
13.36000 3788.57305
13.44000 3761.96524
13.52000 3779.47985
13.60000 3774.93318
13.68000 3724.54084
13.76000 3793.25014
13.84000 3751.69796
13.92000 3839.69384
14.00000 3786.95316
14.08000 3842.88311
14.16000 3840.05279
14.24000 3738.94270
14.32000 3780.74142
14.40000 3819.71359
14.48000 3766.65050
14.56000 3744.30894
14.64000 3768.09328
14.72000 3760.06286
14.80000 3774.57617
14.88000 3807.97444
14.96000 3765.02395
15.04000 3823.89859
15.12000 3802.77294
15.20000 3797.40944
15.28000 3798.80269
15.36000 3880.59254
15.44000 3778.85948
15.52000 3836.96786
15.60000 3746.13576
15.68000 3852.22158
15.76000 3809.41190
15.84000 3808.49241
15.92000 3826.25098
16.00000 3777.62822
16.08000 3746.97970
16.16000 3787.53562
16.24000 3823.96768
16.32000 3812.77843
16.40000 3816.82642
16.48000 3714.69311
16.56000 3771.74437
16.64000 3845.72157
16.72000 3757.02089
16.80000 3804.40964
16.88000 3807.99736
16.96000 3816.60409
17.04000 3777.29659
17.12000 3787.59241
17.20000 3846.71723
17.28000 3832.58408
17.36000 3829.14683
17.44000 3826.01286
17.52000 3759.58604
17.60000 3751.27918
17.68000 3840.74295
17.76000 3758.60819
17.84000 3781.28735
17.92000 3833.77034
18.00000 3769.89725
18.08000 3744.50014
18.16000 3780.73435
18.24000 3819.50085
18.32000 3870.54140
18.40000 3804.68787
18.48000 3805.82107
18.56000 3838.12493
18.64000 3786.27786
18.72000 3858.31726
18.80000 3784.52375
18.88000 3818.26418
18.96000 3847.07478
19.04000 3848.15784
19.12000 3864.95499
19.20000 3746.74593
19.28000 3749.78866
19.36000 3868.68166
19.44000 3848.97331
19.52000 3797.37359
19.60000 3822.12807
19.68000 3849.63894
19.76000 3867.89380
19.84000 3868.81953
19.92000 3787.17239
20.00000 3786.86862
