DYNA>        0      0.00000    491.76127   1009.74866   -517.98740    375.55702
DYNA>      100      0.10000    493.23321    942.64032   -449.40711    350.59733
DYNA>      200      0.20000    493.87080    918.20476   -424.33396    341.50898
DYNA>      300      0.30000    495.01330    900.57842   -405.56513    334.95320
DYNA>      400      0.40000    494.95501    909.70294   -414.74793    338.34689
DYNA>      500      0.50000    494.75534    897.86914   -403.11379    333.94553
DYNA>      600      0.60000    494.71431    929.47991   -434.76560    345.70256
DYNA>      700      0.70000    493.98333    921.74335   -427.76003    342.82510
DYNA>      800      0.80000    494.97218    914.62873   -419.65655    340.17895
DYNA>      900      0.90000    495.14369    895.36028   -400.21658    333.01241
DYNA>     1000      1.00000    493.80562    929.67708   -435.87145    345.77590
DYNA>     1000      1.00000    281.01330    716.88475   -435.87145    266.63179
DYNA>     1100      1.10000    279.93459    796.53410   -516.59951    296.25587
DYNA>     1200      1.20000    279.05058    796.28174   -517.23115    296.16201
DYNA>     1300      1.30000    279.50924    792.92992   -513.42068    294.91536
DYNA>     1400      1.40000    278.24400    795.01167   -516.76767    295.68963
DYNA>     1500      1.50000    278.67810    799.05159   -520.37349    297.19220
DYNA>     1600      1.60000    279.70514    776.74942   -497.04427    288.89733
DYNA>     1700      1.70000    278.95787    822.49994   -543.54208    305.91338
DYNA>     1800      1.80000    278.99971    795.71646   -516.71674    295.95176
DYNA>     1900      1.90000    278.73282    813.48297   -534.75015    302.55968
DYNA>     2000      2.00000    279.65000    798.14704   -518.49704    296.85577
DYNA>     2000      2.00000    290.23050    808.72754   -518.49704    300.79099
DYNA>     2100      2.10000    290.06919    807.85760   -517.78842    300.46743
DYNA>     2200      2.20000    288.60823    830.61128   -542.00305    308.93024
DYNA>     2300      2.30000    290.47102    804.30738   -513.83636    299.14700
DYNA>     2400      2.40000    290.16435    801.38577   -511.22142    298.06036
DYNA>     2500      2.50000    288.83276    807.54752   -518.71476    300.35211
DYNA>     2600      2.60000    290.59109    797.82293   -507.23183    296.73522
DYNA>     2700      2.70000    290.12076    823.48426   -533.36351    306.27948
DYNA>     2800      2.80000    288.37268    819.00386   -530.63118    304.61307
DYNA>     2900      2.90000    289.79677    793.46891   -503.67214    295.11583
DYNA>     3000      3.00000    289.76151    801.40787   -511.64635    298.06858
DYNA>     3000      3.00000    279.61784    791.26420   -511.64635    294.29583
DYNA>     3100      3.10000    278.59709    817.57978   -538.98269    304.08342
DYNA>     3200      3.20000    278.09932    813.95638   -535.85706    302.73576
DYNA>     3300      3.30000    279.35465    784.39602   -505.04137    291.74134
DYNA>     3400      3.40000    279.10301    778.06267   -498.95966    289.38577
DYNA>     3500      3.50000    278.63232    801.04025   -522.40792    297.93185
DYNA>     3600      3.60000    279.07083    788.14525   -509.07441    293.13579
DYNA>     3700      3.70000    279.61525    803.24296   -523.62771    298.75110
DYNA>     3800      3.80000    279.55892    811.46761   -531.90868    301.81011
DYNA>     3900      3.90000    279.17003    821.35775   -542.18772    305.48856
DYNA>     4000      4.00000    279.61426    797.47069   -517.85643    296.60422
DYNA>     4000      4.00000    290.51702    808.37345   -517.85643    300.65929
DYNA>     4100      4.10000    289.82718    812.04147   -522.21428    302.02354
DYNA>     4200      4.20000    289.16208    833.20133   -544.03925    309.89356
DYNA>     4300      4.30000    291.76532    786.17839   -494.41306    292.40426
DYNA>     4400      4.40000    289.90065    793.49279   -503.59214    295.12471
DYNA>     4500      4.50000    289.69509    816.96445   -527.26936    303.85455
DYNA>     4600      4.60000    290.36041    825.41168   -535.05127    306.99634
DYNA>     4700      4.70000    289.15859    815.53614   -526.37755    303.32332
DYNA>     4800      4.80000    289.17609    795.80475   -506.62866    295.98460
DYNA>     4900      4.90000    290.17343    798.98956   -508.81613    297.16913
DYNA>     5000      5.00000    289.84677    831.97711   -542.13034    309.43823
DYNA>     5000      5.00000    286.17824    828.30858   -542.13034    308.07379
DYNA>     5100      5.10000    285.91124    818.84065   -532.92941    304.55237
DYNA>     5200      5.20000    285.74381    827.94050   -542.19668    307.93689
DYNA>     5300      5.30000    286.81156    798.06410   -511.25254    296.82493
DYNA>     5400      5.40000    285.10396    821.96537   -536.86141    305.71455
DYNA>     5500      5.50000    286.26546    801.62306   -515.35760    298.14861
DYNA>     5600      5.60000    285.63023    807.10052   -521.47029    300.18585
DYNA>     5700      5.70000    286.14659    814.97260   -528.82601    303.11372
DYNA>     5800      5.80000    286.67337    808.28922   -521.61585    300.62796
DYNA>     5900      5.90000    287.00379    793.14787   -506.14408    294.99642
DYNA>     6000      6.00000    286.99413    777.36843   -490.37430    289.12756
DYNA>     6000      6.00000    291.18713    781.56144   -490.37430    290.68707
DYNA>     6100      6.10000    290.38810    794.66517   -504.27707    295.56076
DYNA>     6200      6.20000    290.28679    804.43371   -514.14692    299.19398
DYNA>     6300      6.30000    291.00540    794.44532   -503.43992    295.47899
DYNA>     6400      6.40000    289.70200    803.37917   -513.67717    298.80177
DYNA>     6500      6.50000    290.16668    800.82282   -510.65614    297.85098
DYNA>     6600      6.60000    290.27076    826.69818   -536.42742    307.47483
DYNA>     6700      6.70000    289.06070    797.73970   -508.67900    296.70427
DYNA>     6800      6.80000    289.54397    783.66143   -494.11746    291.46812
DYNA>     6900      6.90000    290.39546    813.79616   -523.40071    302.67617
DYNA>     7000      7.00000    289.06726    796.28772   -507.22046    296.16423
DYNA>     7000      7.00000    295.25123    802.47169   -507.22046    298.46424
DYNA>     7100      7.10000    295.84652    830.63755   -534.79103    308.94001
DYNA>     7200      7.20000    297.19537    776.36115   -479.16578    288.75292
DYNA>     7300      7.30000    295.73148    835.78913   -540.05764    310.85604
DYNA>     7400      7.40000    296.28806    806.37229   -510.08423    299.91500
DYNA>     7500      7.50000    295.74187    811.07326   -515.33139    301.66344
DYNA>     7600      7.60000    295.73689    846.67258   -550.93569    314.90394
DYNA>     7700      7.70000    295.95554    821.76093   -525.80538    305.63851
DYNA>     7800      7.80000    295.21274    837.88058   -542.66784    311.63391
DYNA>     7900      7.90000    294.59875    822.28976   -527.69101    305.83520
DYNA>     8000      8.00000    296.51824    799.72823   -503.20999    297.44387
DYNA>     8000      8.00000    293.39994    796.60993   -503.20999    296.28408
DYNA>     8100      8.10000    292.24436    812.70297   -520.45861    302.26958
DYNA>     8200      8.20000    292.80753    821.26467   -528.45713    305.45394
DYNA>     8300      8.30000    293.29714    802.67179   -509.37465    298.53867
DYNA>     8400      8.40000    292.14398    815.10999   -522.96601    303.16482
DYNA>     8500      8.50000    293.29131    804.68687   -511.39556    299.28814
DYNA>     8600      8.60000    292.19933    830.18132   -537.98199    308.77032
DYNA>     8700      8.70000    291.78106    797.81007   -506.02902    296.73044
DYNA>     8800      8.80000    292.72079    823.91236   -531.19157    306.43870
DYNA>     8900      8.90000    291.92896    833.54985   -541.62089    310.02318
DYNA>     9000      9.00000    292.50912    815.03405   -522.52492    303.13658
DYNA>     9000      9.00000    291.49360    814.01852   -522.52492    302.75887
DYNA>     9100      9.10000    291.81585    798.08651   -506.27067    296.83326
DYNA>     9200      9.20000    292.21066    788.92034   -496.70969    293.42408
DYNA>     9300      9.30000    290.52940    841.07269   -550.54329    312.82116
DYNA>     9400      9.40000    291.81907    795.90893   -504.08986    296.02335
DYNA>     9500      9.50000    291.87336    806.50920   -514.63584    299.96592
DYNA>     9600      9.60000    291.65516    798.60513   -506.94996    297.02615
DYNA>     9700      9.70000    291.97301    812.63489   -520.66188    302.24426
DYNA>     9800      9.80000    292.11719    804.32192   -512.20472    299.15240
DYNA>     9900      9.90000    291.54553    793.39347   -501.84794    295.08777
DYNA>    10000     10.00000    292.19839    809.75220   -517.55382    301.17210
DYNA>    10000     10.00000    301.72740    819.28121   -517.55382    304.71623
DYNA>    10100     10.10000    301.57202    792.49739   -490.92536    294.75449
DYNA>    10200     10.20000    301.40420    806.72710   -505.32289    300.04696
DYNA>    10300     10.30000    301.42501    843.07723   -541.65222    313.56671
DYNA>    10400     10.40000    301.51062    787.66003   -486.14941    292.95533
DYNA>    10500     10.50000    301.18377    817.70540   -516.52163    304.13014
DYNA>    10600     10.60000    300.51999    818.08812   -517.56814    304.27248
DYNA>    10700     10.70000    300.87310    820.56824   -519.69514    305.19492
DYNA>    10800     10.80000    301.46688    820.45233   -518.98545    305.15180
DYNA>    10900     10.90000    301.32438    811.95195   -510.62757    301.99025
DYNA>    11000     11.00000    300.79093    806.75229   -505.96136    300.05633
DYNA>    11000     11.00000    282.79056    788.75191   -505.96136    293.36143
DYNA>    11100     11.10000    282.29780    811.76866   -529.47086    301.92208
DYNA>    11200     11.20000    283.41003    803.70725   -520.29722    298.92379
DYNA>    11300     11.30000    282.43595    825.92863   -543.49268    307.18861
DYNA>    11400     11.40000    283.09637    801.74470   -518.64833    298.19385
DYNA>    11500     11.50000    283.61665    794.81605   -511.19939    295.61687
DYNA>    11600     11.60000    282.31383    788.87595   -506.56212    293.40757
DYNA>    11700     11.70000    282.19069    810.36938   -528.17868    301.40164
DYNA>    11800     11.80000    283.24463    825.16205   -541.91742    306.90350
DYNA>    11900     11.90000    283.66111    806.88081   -523.21970    300.10414
DYNA>    12000     12.00000    282.45924    817.49701   -535.03778    304.05263
DYNA>    12000     12.00000    287.50003    822.53781   -535.03778    305.92746
DYNA>    12100     12.10000    288.05956    822.97755   -534.91799    306.09102
DYNA>    12200     12.20000    288.03594    818.68061   -530.64467    304.49285
DYNA>    12300     12.30000    288.84666    786.55704   -497.71037    292.54509
DYNA>    12400     12.40000    287.67411    830.68457   -543.01046    308.95749
DYNA>    12500     12.50000    287.66216    797.38798   -509.72582    296.57345
DYNA>    12600     12.60000    287.94031    812.34523   -524.40492    302.13652
DYNA>    12700     12.70000    287.49768    812.74396   -525.24628    302.28482
DYNA>    12800     12.80000    288.15896    795.40774   -507.24878    295.83694
DYNA>    12900     12.90000    287.82985    798.71554   -510.88568    297.06721
DYNA>    13000     13.00000    288.62668    773.57473   -484.94805    287.71657
DYNA>    13000     13.00000    285.53909    770.48713   -484.94805    286.56819
DYNA>    13100     13.10000    283.62279    818.14128   -534.51849    304.29226
DYNA>    13200     13.20000    283.77191    809.13571   -525.36380    300.94280
DYNA>    13300     13.30000    284.96492    786.36073   -501.39581    292.47208
DYNA>    13400     13.40000    283.88738    829.30776   -545.42038    308.44542
DYNA>    13500     13.50000    284.16387    819.00517   -534.84130    304.61356
DYNA>    13600     13.60000    283.86375    805.73037   -521.86662    299.67625
DYNA>    13700     13.70000    283.67226    814.99194   -531.31968    303.12092
DYNA>    13800     13.80000    283.94535    799.27708   -515.33173    297.27607
DYNA>    13900     13.90000    283.59014    850.80410   -567.21396    316.44057
DYNA>    14000     14.00000    283.67688    796.92816   -513.25128    296.40243
DYNA>    14000     14.00000    290.05112    803.30240   -513.25128    298.77321
DYNA>    14100     14.10000    290.65786    821.54601   -530.88816    305.55858
DYNA>    14200     14.20000    291.10803    821.42383   -530.31581    305.51314
DYNA>    14300     14.30000    290.17858    822.83114   -532.65256    306.03656
DYNA>    14400     14.40000    290.76398    803.20266   -512.43868    298.73612
DYNA>    14500     14.50000    291.29516    795.33854   -504.04338    295.81120
DYNA>    14600     14.60000    291.20408    805.00327   -513.79919    299.40582
DYNA>    14700     14.70000    289.95376    803.81531   -513.86156    298.96398
DYNA>    14800     14.80000    290.20373    826.18777   -535.98403    307.28499
DYNA>    14900     14.90000    291.66144    794.16256   -502.50112    295.37382
DYNA>    15000     15.00000    289.84233    818.49603   -528.65370    304.42420
DYNA>    15000     15.00000    282.06705    810.72075   -528.65370    301.53233
DYNA>    15100     15.10000    281.20905    813.89874   -532.68969    302.71432
DYNA>    15200     15.20000    282.34536    818.62359   -536.27822    304.47164
DYNA>    15300     15.30000    282.20469    797.55363   -515.34894    296.63507
DYNA>    15400     15.40000    281.32026    801.72116   -520.40090    298.18510
DYNA>    15500     15.50000    282.71570    813.52384   -530.80814    302.57488
DYNA>    15600     15.60000    281.72504    812.03040   -530.30537    302.01943
DYNA>    15700     15.70000    281.86198    802.79362   -520.93163    298.58398
DYNA>    15800     15.80000    282.12694    816.18321   -534.05626    303.56399
DYNA>    15900     15.90000    283.42713    802.57286   -519.14573    298.50187
DYNA>    16000     16.00000    282.25443    814.32873   -532.07430    302.87425
DYNA>    16000     16.00000    288.68932    820.76362   -532.07430    305.26758
DYNA>    16100     16.10000    288.75434    810.65623   -521.90188    301.50833
DYNA>    16200     16.20000    288.74668    800.84100   -512.09431    297.85774
DYNA>    16300     16.30000    288.24163    817.53934   -529.29771    304.06837
DYNA>    16400     16.40000    289.14872    793.80796   -504.65924    295.24194
DYNA>    16500     16.50000    287.73350    820.98922   -533.25572    305.35149
DYNA>    16600     16.60000    287.16909    819.14113   -531.97204    304.66413
DYNA>    16700     16.70000    287.88906    811.36937   -523.48031    301.77357
DYNA>    16800     16.80000    287.38339    833.72847   -546.34508    310.08962
DYNA>    16900     16.90000    289.30411    784.30668   -495.00257    291.70811
DYNA>    17000     17.00000    288.24983    828.72177   -540.47194    308.22747
DYNA>    17000     17.00000    293.47265    833.94458   -540.47194    310.17000
DYNA>    17100     17.10000    292.04314    845.75462   -553.71148    314.56252
DYNA>    17200     17.20000    293.64117    827.77427   -534.13310    307.87507
DYNA>    17300     17.30000    295.01228    800.16166   -505.14938    297.60507
DYNA>    17400     17.40000    294.03074    817.60923   -523.57849    304.09437
DYNA>    17500     17.50000    293.34979    808.23675   -514.88696    300.60845
DYNA>    17600     17.60000    293.31047    808.42889   -515.11842    300.67991
DYNA>    17700     17.70000    292.58008    826.30271   -533.72264    307.32775
DYNA>    17800     17.80000    293.43389    817.82742   -524.39353    304.17552
DYNA>    17900     17.90000    293.94671    791.34789   -497.40117    294.32696
DYNA>    18000     18.00000    293.90199    822.67430   -528.77231    305.97823
DYNA>    18000     18.00000    285.15577    813.92808   -528.77231    302.72523
DYNA>    18100     18.10000    284.44434    812.22461   -527.78027    302.09166
DYNA>    18200     18.20000    284.42614    819.46644   -535.04030    304.78512
DYNA>    18300     18.30000    285.34871    780.34841   -494.99970    290.23591
DYNA>    18400     18.40000    283.39197    825.71544   -542.32347    307.10932
DYNA>    18500     18.50000    285.14649    785.27137   -500.12488    292.06691
DYNA>    18600     18.60000    283.87913    812.81446   -528.93532    302.31104
DYNA>    18700     18.70000    283.23006    834.17460   -550.94455    310.25555
DYNA>    18800     18.80000    284.98846    787.58815   -502.59969    292.92859
DYNA>    18900     18.90000    285.36627    812.94799   -527.58172    302.36071
DYNA>    19000     19.00000    284.23707    812.65031   -528.41324    302.24999
DYNA>    19000     19.00000    280.07162    808.48486   -528.41324    300.70073
DYNA>    19100     19.10000    279.77407    803.94406   -524.16999    299.01186
DYNA>    19200     19.20000    280.05887    799.21471   -519.15584    297.25287
DYNA>    19300     19.30000    280.55857    798.79226   -518.23369    297.09575
DYNA>    19400     19.40000    279.64616    818.04828   -538.40212    304.25766
DYNA>    19500     19.50000    281.52211    784.86369   -503.34158    291.91528
DYNA>    19600     19.60000    280.52042    803.16720   -522.64677    298.72293
DYNA>    19700     19.70000    280.57049    800.57794   -520.00745    297.75990
DYNA>    19800     19.80000    281.00965    797.63601   -516.62636    296.66571
DYNA>    19900     19.90000    280.75725    794.37485   -513.61759    295.45278
DYNA>    20000     20.00000    280.60892    782.52509   -501.91616    291.04548
DYNA>    20000     20.00000    291.42476    793.34093   -501.91616    295.06823
DYNA>    20100     20.10000    290.46047    817.22833   -526.76786    303.95270
DYNA>    20200     20.20000    291.03880    813.68759   -522.64879    302.63579
DYNA>    20300     20.30000    290.39507    840.86604   -550.47098    312.74430
DYNA>    20400     20.40000    290.76602    805.00452   -514.23849    299.40628
DYNA>    20500     20.50000    290.78243    800.19168   -509.40924    297.61624
DYNA>    20600     20.60000    291.09425    820.54074   -529.44648    305.18469
DYNA>    20700     20.70000    290.12312    797.32693   -507.20380    296.55075
DYNA>    20800     20.80000    291.14457    817.93014   -526.78556    304.21372
DYNA>    20900     20.90000    290.82282    827.65438   -536.83156    307.83047
DYNA>    21000     21.00000    290.86453    806.02172   -515.15718    299.78461
DYNA>    21000     21.00000    285.91691    801.07409   -515.15718    297.94443
DYNA>    21100     21.10000    286.00901    798.57737   -512.56836    297.01583
DYNA>    21200     21.20000    287.04064    794.24213   -507.20149    295.40341
DYNA>    21300     21.30000    285.40647    828.12072   -542.71425    308.00392
DYNA>    21400     21.40000    286.07833    810.16491   -524.08658    301.32559
DYNA>    21500     21.50000    285.91561    805.74946   -519.83385    299.68335
DYNA>    21600     21.60000    285.97964    821.43962   -535.45998    305.51901
DYNA>    21700     21.70000    285.54069    827.30322   -541.76254    307.69987
DYNA>    21800     21.80000    284.96870    858.04319   -573.07450    319.13302
DYNA>    21900     21.90000    285.88357    810.83674   -524.95317    301.57547
DYNA>    22000     22.00000    285.50760    815.45703   -529.94942    303.29390
DYNA>    22000     22.00000    290.28446    820.23389   -529.94942    305.07056
DYNA>    22100     22.10000    291.49164    815.79402   -524.30238    303.41924
DYNA>    22200     22.20000    290.15435    821.18844   -531.03409    305.42559
DYNA>    22300     22.30000    290.84982    798.10169   -507.25187    296.83891
DYNA>    22400     22.40000    290.92342    816.85277   -525.92934    303.81302
DYNA>    22500     22.50000    290.11339    819.61388   -529.50049    304.83996
DYNA>    22600     22.60000    290.54978    802.20980   -511.66002    298.36684
DYNA>    22700     22.70000    290.21832    798.85535   -508.63704    297.11922
DYNA>    22800     22.80000    290.06610    824.94528   -534.87918    306.82287
DYNA>    22900     22.90000    291.03848    798.36345   -507.32497    296.93626
DYNA>    23000     23.00000    290.43976    828.94705   -538.50729    308.31126
DYNA>    23000     23.00000    283.96389    822.47119   -538.50729    305.90268
DYNA>    23100     23.10000    283.16224    804.65328   -521.49104    299.27565
DYNA>    23200     23.20000    283.19275    809.84982   -526.65707    301.20840
DYNA>    23300     23.30000    284.64975    792.88401   -508.23426    294.89829
DYNA>    23400     23.40000    284.43993    800.71976   -516.27983    297.81265
DYNA>    23500     23.50000    284.26938    792.25718   -507.98779    294.66515
DYNA>    23600     23.60000    283.39453    787.73591   -504.34138    292.98355
DYNA>    23700     23.70000    283.61501    811.94283   -528.32782    301.98686
DYNA>    23800     23.80000    283.40786    818.57272   -535.16486    304.45272
DYNA>    23900     23.90000    284.55143    776.91230   -492.36087    288.95791
DYNA>    24000     24.00000    283.52534    810.81655   -527.29121    301.56796
DYNA>    24000     24.00000    300.08153    827.37274   -527.29121    307.72572
DYNA>    24100     24.10000    299.35727    815.54085   -516.18358    303.32507
DYNA>    24200     24.20000    300.19162    813.61757   -513.42595    302.60975
DYNA>    24300     24.30000    301.10579    807.30564   -506.19985    300.26214
DYNA>    24400     24.40000    300.18328    829.16708   -528.98380    308.39309
DYNA>    24500     24.50000    300.02937    816.82608   -516.79672    303.80309
DYNA>    24600     24.60000    300.55066    809.80358   -509.25292    301.19120
DYNA>    24700     24.70000    299.99195    834.35349   -534.36154    310.32208
DYNA>    24800     24.80000    301.29171    830.60051   -529.30881    308.92623
DYNA>    24900     24.90000    301.11206    792.15225   -491.04020    294.62613
DYNA>    25000     25.00000    299.95209    795.93811   -495.98602    296.03420
DYNA>    25000     25.00000    274.18338    770.16940   -495.98602    286.45002
DYNA>    25100     25.10000    274.59658    784.67719   -510.08062    291.84592
DYNA>    25200     25.20000    273.83498    790.70791   -516.87293    294.08893
DYNA>    25300     25.30000    274.02359    794.16970   -520.14611    295.37647
DYNA>    25400     25.40000    274.55152    782.19587   -507.64435    290.92304
DYNA>    25500     25.50000    273.91866    803.11048   -529.19182    298.70183
DYNA>    25600     25.60000    273.59156    798.60631   -525.01475    297.02659
DYNA>    25700     25.70000    273.87865    810.36566   -536.48701    301.40026
DYNA>    25800     25.80000    274.25598    788.04353   -513.78755    293.09796
DYNA>    25900     25.90000    274.23677    787.02562   -512.78884    292.71937
DYNA>    26000     26.00000    274.94658    793.65880   -518.71221    295.18646
DYNA>    26000     26.00000    293.12259    811.83481   -518.71221    301.94668
DYNA>    26100     26.10000    292.74300    831.95902   -539.21602    309.43150
DYNA>    26200     26.20000    292.86013    774.60652   -481.74640    288.10032
DYNA>    26300     26.30000    292.67089    834.42525   -541.75437    310.34877
DYNA>    26400     26.40000    291.63172    846.34068   -554.70896    314.78049
DYNA>    26500     26.50000    292.66870    800.74547   -508.07677    297.82221
DYNA>    26600     26.60000    292.95152    800.51985   -507.56833    297.73830
DYNA>    26700     26.70000    292.99734    782.37168   -489.37434    290.98842
DYNA>    26800     26.80000    292.09371    827.60590   -535.51219    307.81244
DYNA>    26900     26.90000    292.00105    790.73351   -498.73246    294.09845
DYNA>    27000     27.00000    292.66973    819.72452   -527.05478    304.88111
DYNA>    27000     27.00000    286.71452    813.76930   -527.05478    302.66618
DYNA>    27100     27.10000    286.26331    796.86640   -510.60309    296.37946
DYNA>    27200     27.20000    286.30127    813.65454   -527.35327    302.62350
DYNA>    27300     27.30000    285.48720    819.85992   -534.37272    304.93147
DYNA>    27400     27.40000    287.15804    802.67757   -515.51953    298.54082
DYNA>    27500     27.50000    287.44603    783.49005   -496.04401    291.40438
DYNA>    27600     27.60000    286.20076    811.40853   -525.20777    301.78814
DYNA>    27700     27.70000    286.49292    814.47411   -527.98119    302.92832
DYNA>    27800     27.80000    286.40571    832.17134   -545.76564    309.51047
DYNA>    27900     27.90000    285.89478    815.70355   -529.80877    303.38559
DYNA>    28000     28.00000    285.71758    818.59108   -532.87350    304.45955
DYNA>    28000     28.00000    294.40936    827.28286   -532.87350    307.69229
DYNA>    28100     28.10000    294.78121    849.85541   -555.07421    316.08773
DYNA>    28200     28.20000    294.69210    798.88903   -504.19693    297.13174
DYNA>    28300     28.30000    294.66339    826.14731   -531.48392    307.26995
DYNA>    28400     28.40000    294.58030    810.99112   -516.41082    301.63289
DYNA>    28500     28.50000    294.57831    811.88419   -517.30588    301.96505
DYNA>    28600     28.60000    295.03111    798.75700   -503.72589    297.08264
DYNA>    28700     28.70000    295.63439    799.97035   -504.33596    297.53392
DYNA>    28800     28.80000    295.49556    785.40729   -489.91173    292.11746
DYNA>    28900     28.90000    295.63517    777.16473   -481.52956    289.05180
DYNA>    29000     29.00000    295.38541    806.64080   -511.25539    300.01487
DYNA>    29000     29.00000    287.50635    798.76174   -511.25539    297.08440
DYNA>    29100     29.10000    287.00554    798.46566   -511.46011    296.97428
DYNA>    29200     29.20000    286.15547    824.06735   -537.91188    306.49634
DYNA>    29300     29.30000    286.23991    813.95747   -527.71756    302.73616
DYNA>    29400     29.40000    286.76820    807.60666   -520.83846    300.37410
DYNA>    29500     29.50000    286.53685    799.03986   -512.50301    297.18784
DYNA>    29600     29.60000    286.78310    816.19780   -529.41470    303.56941
DYNA>    29700     29.70000    286.97588    784.62030   -497.64442    291.82476
DYNA>    29800     29.80000    287.49140    801.55097   -514.05957    298.12180
DYNA>    29900     29.90000    287.37373    783.84097   -496.46725    291.53490
DYNA>    30000     30.00000    287.41289    779.45839   -492.04550    289.90488
DYNA>    30000     30.00000    296.29945    788.34495   -492.04550    293.21007
DYNA>    30100     30.10000    295.49894    808.95571   -513.45677    300.87586
DYNA>    30200     30.20000    296.12198    815.15887   -519.03689    303.18300
DYNA>    30300     30.30000    295.16022    844.00598   -548.84576    313.91214
DYNA>    30400     30.40000    295.75388    826.48632   -530.73244    307.39604
DYNA>    30500     30.50000    296.69754    811.21477   -514.51723    301.71607
DYNA>    30600     30.60000    295.33838    820.40542   -525.06704    305.13436
DYNA>    30700     30.70000    296.25690    825.53656   -529.27966    307.04279
DYNA>    30800     30.80000    297.06617    793.55392   -496.48776    295.14745
DYNA>    30900     30.90000    296.29211    803.57128   -507.27917    298.87322
DYNA>    31000     31.00000    295.58238    813.05625   -517.47387    302.40097
DYNA>    31000     31.00000    281.79922    799.27309   -517.47387    297.27459
DYNA>    31100     31.10000    282.33517    815.74459   -533.40942    303.40085
DYNA>    31200     31.20000    281.31661    825.59833   -544.28172    307.06576
DYNA>    31300     31.30000    281.57165    807.14874   -525.57709    300.20378
DYNA>    31400     31.40000    281.30101    818.89281   -537.59181    304.57177
DYNA>    31500     31.50000    280.91513    814.60017   -533.68503    302.97520
DYNA>    31600     31.60000    281.84203    798.29736   -516.45533    296.91168
DYNA>    31700     31.70000    282.89496    791.60527   -508.71031    294.42269
DYNA>    31800     31.80000    282.09144    798.87128   -516.77984    297.12514
DYNA>    31900     31.90000    281.57742    814.28890   -532.71148    302.85944
DYNA>    32000     32.00000    281.70271    833.85212   -552.14941    310.13560
DYNA>    32000     32.00000    280.39829    832.54770   -552.14941    309.65045
DYNA>    32100     32.10000    280.53758    808.58187   -528.04428    300.73681
DYNA>    32200     32.20000    280.40623    821.05116   -540.64494    305.37453
DYNA>    32300     32.30000    280.93248    784.02978   -503.09729    291.60512
DYNA>    32400     32.40000    279.69391    824.05291   -544.35900    306.49097
DYNA>    32500     32.50000    279.97592    821.37777   -541.40185    305.49601
DYNA>    32600     32.60000    281.54753    757.79749   -476.24996    281.84852
DYNA>    32700     32.70000    280.62073    795.72185   -515.10112    295.95377
DYNA>    32800     32.80000    279.89761    802.50767   -522.61006    298.47763
DYNA>    32900     32.90000    280.38886    805.55816   -525.16930    299.61220
DYNA>    33000     33.00000    281.03422    797.71134   -516.67711    296.69372
DYNA>    33000     33.00000    288.03005    804.70716   -516.67711    299.29569
DYNA>    33100     33.10000    287.96654    805.27573   -517.30919    299.50716
DYNA>    33200     33.20000    287.39234    790.91433   -503.52199    294.16570
DYNA>    33300     33.30000    287.08720    833.90958   -546.82238    310.15698
DYNA>    33400     33.40000    286.78612    828.78428   -541.99816    308.25072
DYNA>    33500     33.50000    287.28005    802.34448   -515.06443    298.41693
DYNA>    33600     33.60000    286.76491    827.26665   -540.50175    307.68627
DYNA>    33700     33.70000    287.32454    799.45674   -512.13220    297.34289
DYNA>    33800     33.80000    287.90503    813.54211   -525.63708    302.58168
DYNA>    33900     33.90000    287.33539    822.58567   -535.25029    305.94526
DYNA>    34000     34.00000    286.64332    814.66543   -528.02211    302.99948
DYNA>    34000     34.00000    283.12794    811.15005   -528.02211    301.69200
DYNA>    34100     34.10000    283.77997    799.18208   -515.40211    297.24074
DYNA>    34200     34.20000    284.00556    804.79425   -520.78869    299.32808
DYNA>    34300     34.30000    284.52317    808.27239   -523.74923    300.62171
DYNA>    34400     34.40000    283.85937    794.58198   -510.72261    295.52982
DYNA>    34500     34.50000    283.86853    806.37344   -522.50491    299.91543
DYNA>    34600     34.60000    283.59024    815.31978   -531.72955    303.24285
DYNA>    34700     34.70000    284.05623    809.65281   -525.59658    301.13513
DYNA>    34800     34.80000    284.13147    822.62699   -538.49551    305.96063
DYNA>    34900     34.90000    284.00428    802.74735   -518.74306    298.56677
DYNA>    35000     35.00000    284.39433    809.63878   -525.24446    301.12991
DYNA>    35000     35.00000    296.59082    821.83528   -525.24446    305.66617
DYNA>    35100     35.10000    296.43852    820.08579   -523.64727    305.01548
DYNA>    35200     35.20000    295.92594    856.49785   -560.57190    318.55826
DYNA>    35300     35.30000    295.19606    821.89199   -526.69593    305.68726
DYNA>    35400     35.40000    295.99853    814.11053   -518.11201    302.79309
DYNA>    35500     35.50000    296.01641    836.68031   -540.66389    311.18750
DYNA>    35600     35.60000    296.57249    819.51970   -522.94721    304.80493
DYNA>    35700     35.70000    296.81757    808.26486   -511.44729    300.61891
DYNA>    35800     35.80000    295.79102    831.81371   -536.02270    309.37746
DYNA>    35900     35.90000    295.76218    816.97976   -521.21758    303.86025
DYNA>    36000     36.00000    296.24186    827.52506   -531.28320    307.78237
DYNA>    36000     36.00000    287.21499    818.49819   -531.28320    304.42500
DYNA>    36100     36.10000    286.78201    824.74341   -537.96140    306.74779
DYNA>    36200     36.20000    287.13629    801.08829   -513.95200    297.94971
DYNA>    36300     36.30000    287.80566    798.34707   -510.54141    296.93017
DYNA>    36400     36.40000    286.29469    813.55530   -527.26061    302.58658
DYNA>    36500     36.50000    286.66686    799.48867   -512.82181    297.35477
DYNA>    36600     36.60000    287.10169    810.25622   -523.15454    301.35956
DYNA>    36700     36.70000    286.58278    817.22215   -530.63937    303.95040
DYNA>    36800     36.80000    287.81307    788.67526   -500.86219    293.33292
DYNA>    36900     36.90000    286.80252    797.17066   -510.36814    296.49263
DYNA>    37000     37.00000    286.99291    796.53084   -509.53793    296.25466
DYNA>    37000     37.00000    291.92395    801.46188   -509.53793    298.08867
DYNA>    37100     37.10000    292.42317    775.89678   -483.47361    288.58021
DYNA>    37200     37.20000    292.02859    812.91518   -520.88659    302.34851
DYNA>    37300     37.30000    292.38960    795.67827   -503.28866    295.93756
DYNA>    37400     37.40000    292.26348    841.49351   -549.23003    312.97768
DYNA>    37500     37.50000    293.03824    802.64389   -509.60565    298.52829
DYNA>    37600     37.60000    291.65751    795.07387   -503.41636    295.71276
DYNA>    37700     37.70000    292.31441    830.31293   -537.99852    308.81927
DYNA>    37800     37.80000    292.23013    796.53685   -504.30672    296.25689
DYNA>    37900     37.90000    291.67367    815.89406   -524.22039    303.45644
DYNA>    38000     38.00000    292.19357    792.52277   -500.32919    294.76393
DYNA>    38000     38.00000    286.67685    787.00605   -500.32919    292.71209
DYNA>    38100     38.10000    286.63915    817.15216   -530.51301    303.92437
DYNA>    38200     38.20000    286.27919    797.00159   -510.72241    296.42975
DYNA>    38300     38.30000    286.39174    818.24417   -531.85243    304.33052
DYNA>    38400     38.40000    286.03932    821.42424   -535.38492    305.51329
DYNA>    38500     38.50000    286.15260    818.16032   -532.00772    304.29933
DYNA>    38600     38.60000    287.10366    794.98909   -507.88543    295.68123
DYNA>    38700     38.70000    285.83491    821.32253   -535.48762    305.47546
DYNA>    38800     38.80000    287.18142    811.81412   -524.63270    301.93898
DYNA>    38900     38.90000    287.94092    773.27677   -485.33585    287.60574
DYNA>    39000     39.00000    285.90545    844.54305   -558.63760    314.11190
DYNA>    39000     39.00000    276.81205    835.44965   -558.63760    310.72978
DYNA>    39100     39.10000    277.15915    798.98087   -521.82171    297.16590
DYNA>    39200     39.20000    277.26845    819.65222   -542.38376    304.85422
DYNA>    39300     39.30000    276.57251    818.91574   -542.34323    304.58030
DYNA>    39400     39.40000    277.17317    816.72396   -539.55079    303.76511
DYNA>    39500     39.50000    277.77982    805.07401   -527.29419    299.43213
DYNA>    39600     39.60000    277.93728    783.26554   -505.32826    291.32088
DYNA>    39700     39.70000    277.32130    791.25608   -513.93478    294.29281
DYNA>    39800     39.80000    277.07594    794.91614   -517.84020    295.65410
DYNA>    39900     39.90000    277.72167    769.88456   -492.16290    286.34408
DYNA>    40000     40.00000    276.18112    813.25423   -537.07311    302.47461
DYNA>    40000     40.00000    282.48776    819.56087   -537.07311    304.82024
DYNA>    40100     40.10000    282.97326    827.84111   -544.86786    307.89992
DYNA>    40200     40.20000    283.27834    805.05651   -521.77817    299.42562
DYNA>    40300     40.30000    283.68760    817.15599   -533.46839    303.92579
DYNA>    40400     40.40000    282.72899    822.82395   -540.09495    306.03388
DYNA>    40500     40.50000    283.03369    822.92801   -539.89431    306.07259
DYNA>    40600     40.60000    283.06698    816.99235   -533.92537    303.86493
DYNA>    40700     40.70000    283.50029    803.71058   -520.21029    298.92503
DYNA>    40800     40.80000    284.12035    782.30601   -498.18565    290.96400
DYNA>    40900     40.90000    283.48965    799.16271   -515.67306    297.23353
DYNA>    41000     41.00000    282.77996    805.58644   -522.80648    299.62272
DYNA>    41000     41.00000    264.77074    787.57722   -522.80648    292.92453
DYNA>    41100     41.10000    265.26387    794.85582   -529.59195    295.63167
DYNA>    41200     41.20000    265.23573    795.00180   -529.76607    295.68596
DYNA>    41300     41.30000    265.18635    817.82839   -552.64204    304.17588
DYNA>    41400     41.40000    265.80633    786.06488   -520.25855    292.36204
DYNA>    41500     41.50000    265.81343    802.55739   -536.74396    298.49612
DYNA>    41600     41.60000    264.94777    801.40796   -536.46018    298.06861
DYNA>    41700     41.70000    263.43692    833.27414   -569.83721    309.92064
DYNA>    41800     41.80000    265.45996    820.80955   -555.34959    305.28467
DYNA>    41900     41.90000    265.61535    833.19438   -567.57904    309.89097
DYNA>    42000     42.00000    264.83605    807.02271   -542.18666    300.15691
DYNA>    42000     42.00000    282.58135    824.76801   -542.18666    306.75694
DYNA>    42100     42.10000    282.94714    816.67858   -533.73144    303.74823
DYNA>    42200     42.20000    283.26707    808.16293   -524.89586    300.58099
DYNA>    42300     42.30000    282.34649    805.57366   -523.22717    299.61796
DYNA>    42400     42.40000    281.92850    844.07746   -562.14897    313.93873
DYNA>    42500     42.50000    282.43782    820.60326   -538.16544    305.20794
DYNA>    42600     42.60000    282.24942    818.26619   -536.01677    304.33871
DYNA>    42700     42.70000    282.78680    830.72518   -547.93838    308.97260
DYNA>    42800     42.80000    283.36301    775.25493   -491.89192    288.34148
DYNA>    42900     42.90000    282.87335    807.09133   -524.21798    300.18243
DYNA>    43000     43.00000    282.66707    798.86482   -516.19774    297.12274
DYNA>    43000     43.00000    282.81070    799.00845   -516.19774    297.17616
DYNA>    43100     43.10000    282.81545    803.88446   -521.06901    298.98970
DYNA>    43200     43.20000    282.18772    821.32072   -539.13300    305.47479
DYNA>    43300     43.30000    283.02705    822.41647   -539.38941    305.88233
DYNA>    43400     43.40000    282.19401    842.03198   -559.83797    313.17795
DYNA>    43500     43.50000    282.56845    825.25977   -542.69132    306.93984
DYNA>    43600     43.60000    282.88915    797.24030   -514.35115    296.51853
DYNA>    43700     43.70000    283.21201    810.47078   -527.25877    301.43936
DYNA>    43800     43.80000    281.42581    847.05682   -565.63102    315.04685
DYNA>    43900     43.90000    282.19741    798.31992   -516.12251    296.92007
DYNA>    44000     44.00000    282.90588    801.60675   -518.70087    298.14255
DYNA>    44000     44.00000    280.35321    799.05408   -518.70087    297.19313
DYNA>    44100     44.10000    280.07632    786.87710   -506.80078    292.66413
DYNA>    44200     44.20000    280.64771    820.21901   -539.57130    305.06503
DYNA>    44300     44.30000    280.18634    821.22185   -541.03552    305.43802
DYNA>    44400     44.40000    280.31434    816.96509   -536.65075    303.85479
DYNA>    44500     44.50000    280.15086    814.29608   -534.14522    302.86211
DYNA>    44600     44.60000    279.54952    815.60502   -536.05550    303.34894
DYNA>    44700     44.70000    280.23389    794.26866   -514.03476    295.41328
DYNA>    44800     44.80000    279.67041    823.08864   -543.41823    306.13233
DYNA>    44900     44.90000    280.33904    820.56384   -540.22480    305.19328
DYNA>    45000     45.00000    280.49971    807.19717   -526.69747    300.22180
DYNA>    45000     45.00000    289.45268    816.15015   -526.69747    303.55169
DYNA>    45100     45.10000    288.29298    815.11380   -526.82082    303.16624
DYNA>    45200     45.20000    288.66531    805.17026   -516.50495    299.46793
DYNA>    45300     45.30000    288.07371    826.27027   -538.19657    307.31568
DYNA>    45400     45.40000    288.41265    837.03727   -548.62462    311.32026
DYNA>    45500     45.50000    288.49686    830.29420   -541.79734    308.81230
DYNA>    45600     45.60000    289.56651    779.94797   -490.38146    290.08697
DYNA>    45700     45.70000    288.50445    817.22159   -528.71714    303.95019
DYNA>    45800     45.80000    288.46981    797.74219   -509.27238    296.70520
DYNA>    45900     45.90000    288.64470    807.82305   -519.17835    300.45458
DYNA>    46000     46.00000    288.45922    819.68483   -531.22561    304.86635
DYNA>    46000     46.00000    287.26559    818.49120   -531.22561    304.42240
DYNA>    46100     46.10000    286.64613    821.54373   -534.89760    305.55773
DYNA>    46200     46.20000    287.24081    827.79609   -540.55528    307.88318
DYNA>    46300     46.30000    287.76652    810.51846   -522.75194    301.45709
DYNA>    46400     46.40000    288.11472    793.16288   -505.04816    295.00201
DYNA>    46500     46.50000    286.73207    813.36994   -526.63788    302.51765
DYNA>    46600     46.60000    288.14648    788.30808   -500.16161    293.19636
DYNA>    46700     46.70000    287.67345    827.43533   -539.76188    307.74900
DYNA>    46800     46.80000    287.12565    809.97619   -522.85054    301.25540
DYNA>    46900     46.90000    286.61498    809.77525   -523.16027    301.18067
DYNA>    47000     47.00000    286.50903    832.30375   -545.79473    309.55972
DYNA>    47000     47.00000    289.94463    835.73935   -545.79473    310.83753
DYNA>    47100     47.10000    291.84386    779.40336   -487.55950    289.88441
DYNA>    47200     47.20000    290.52036    782.52596   -492.00560    291.04581
DYNA>    47300     47.30000    291.37007    801.81463   -510.44455    298.21986
DYNA>    47400     47.40000    291.13787    808.37742   -517.23954    300.66077
DYNA>    47500     47.50000    290.50574    806.94764   -516.44190    300.12899
DYNA>    47600     47.60000    292.16335    808.02126   -515.85792    300.52830
DYNA>    47700     47.70000    291.14849    813.05791   -521.90943    302.40159
DYNA>    47800     47.80000    290.50981    807.80425   -517.29443    300.44759
DYNA>    47900     47.90000    290.62337    828.21003   -537.58666    308.03714
DYNA>    48000     48.00000    290.85796    806.55848   -515.70052    299.98425
DYNA>    48000     48.00000    276.30346    792.00398   -515.70052    294.57098
DYNA>    48100     48.10000    275.25018    799.63673   -524.38655    297.40984
DYNA>    48200     48.20000    276.03772    809.72792   -533.69021    301.16306
DYNA>    48300     48.30000    275.70977    811.12670   -535.41693    301.68331
DYNA>    48400     48.40000    275.31465    832.12828   -556.81363    309.49446
DYNA>    48500     48.50000    275.92555    834.38515   -558.45960    310.33386
DYNA>    48600     48.60000    275.97022    798.97043   -523.00021    297.16202
DYNA>    48700     48.70000    275.02437    823.03364   -548.00927    306.11188
DYNA>    48800     48.80000    275.62443    811.26471   -535.64028    301.73464
DYNA>    48900     48.90000    276.40757    801.56917   -525.16160    298.12857
DYNA>    49000     49.00000    275.83276    802.40383   -526.57106    298.43900
DYNA>    49000     49.00000    288.06005    814.63111   -526.57106    302.98671
DYNA>    49100     49.10000    287.47073    799.78990   -512.31917    297.46680
DYNA>    49200     49.20000    288.31566    814.69518   -526.37951    303.01054
DYNA>    49300     49.30000    288.53928    794.18644   -505.64716    295.38270
DYNA>    49400     49.40000    288.08019    799.53484   -511.45465    297.37194
DYNA>    49500     49.50000    288.50990    800.32188   -511.81198    297.66467
DYNA>    49600     49.60000    288.63262    827.04974   -538.41712    307.60559
DYNA>    49700     49.70000    288.18582    811.42522   -523.23940    301.79434
DYNA>    49800     49.80000    289.38419    772.33510   -482.95092    287.25551
DYNA>    49900     49.90000    287.74942    798.43236   -510.68294    296.96189
DYNA>    50000     50.00000    288.21626    801.47441   -513.25815    298.09332
