0.00000    375.55702
0.10000    350.59733
0.20000    341.50898
0.30000    334.95320
0.40000    338.34689
0.50000    333.94553
0.60000    345.70256
0.70000    342.82510
0.80000    340.17895
0.90000    333.01241
1.00000    345.77590
1.00000    266.63179
1.10000    296.25587
1.20000    296.16201
1.30000    294.91536
1.40000    295.68963
1.50000    297.19220
1.60000    288.89733
1.70000    305.91338
1.80000    295.95176
1.90000    302.55968
2.00000    296.85577
2.00000    300.79099
2.10000    300.46743
2.20000    308.93024
2.30000    299.14700
2.40000    298.06036
2.50000    300.35211
2.60000    296.73522
2.70000    306.27948
2.80000    304.61307
2.90000    295.11583
3.00000    298.06858
3.00000    294.29583
3.10000    304.08342
3.20000    302.73576
3.30000    291.74134
3.40000    289.38577
3.50000    297.93185
3.60000    293.13579
3.70000    298.75110
3.80000    301.81011
3.90000    305.48856
4.00000    296.60422
4.00000    300.65929
4.10000    302.02354
4.20000    309.89356
4.30000    292.40426
4.40000    295.12471
4.50000    303.85455
4.60000    306.99634
4.70000    303.32332
4.80000    295.98460
4.90000    297.16913
5.00000    309.43823
5.00000    308.07379
5.10000    304.55237
5.20000    307.93689
5.30000    296.82493
5.40000    305.71455
5.50000    298.14861
5.60000    300.18585
5.70000    303.11372
5.80000    300.62796
5.90000    294.99642
6.00000    289.12756
6.00000    290.68707
6.10000    295.56076
6.20000    299.19398
6.30000    295.47899
6.40000    298.80177
6.50000    297.85098
6.60000    307.47483
6.70000    296.70427
6.80000    291.46812
6.90000    302.67617
7.00000    296.16423
7.00000    298.46424
7.10000    308.94001
7.20000    288.75292
7.30000    310.85604
7.40000    299.91500
7.50000    301.66344
7.60000    314.90394
7.70000    305.63851
7.80000    311.63391
7.90000    305.83520
8.00000    297.44387
8.00000    296.28408
8.10000    302.26958
8.20000    305.45394
8.30000    298.53867
8.40000    303.16482
8.50000    299.28814
8.60000    308.77032
8.70000    296.73044
8.80000    306.43870
8.90000    310.02318
9.00000    303.13658
9.00000    302.75887
9.10000    296.83326
9.20000    293.42408
9.30000    312.82116
9.40000    296.02335
9.50000    299.96592
9.60000    297.02615
9.70000    302.24426
9.80000    299.15240
9.90000    295.08777
10.00000    301.17210
10.00000    304.71623
10.10000    294.75449
10.20000    300.04696
10.30000    313.56671
10.40000    292.95533
10.50000    304.13014
10.60000    304.27248
10.70000    305.19492
10.80000    305.15180
10.90000    301.99025
11.00000    300.05633
11.00000    293.36143
11.10000    301.92208
11.20000    298.92379
11.30000    307.18861
11.40000    298.19385
11.50000    295.61687
11.60000    293.40757
11.70000    301.40164
11.80000    306.90350
11.90000    300.10414
12.00000    304.05263
12.00000    305.92746
12.10000    306.09102
12.20000    304.49285
12.30000    292.54509
12.40000    308.95749
12.50000    296.57345
12.60000    302.13652
12.70000    302.28482
12.80000    295.83694
12.90000    297.06721
13.00000    287.71657
13.00000    286.56819
13.10000    304.29226
13.20000    300.94280
13.30000    292.47208
13.40000    308.44542
13.50000    304.61356
13.60000    299.67625
13.70000    303.12092
13.80000    297.27607
13.90000    316.44057
14.00000    296.40243
14.00000    298.77321
14.10000    305.55858
14.20000    305.51314
14.30000    306.03656
14.40000    298.73612
14.50000    295.81120
14.60000    299.40582
14.70000    298.96398
14.80000    307.28499
14.90000    295.37382
15.00000    304.42420
15.00000    301.53233
15.10000    302.71432
15.20000    304.47164
15.30000    296.63507
15.40000    298.18510
15.50000    302.57488
15.60000    302.01943
15.70000    298.58398
15.80000    303.56399
15.90000    298.50187
16.00000    302.87425
16.00000    305.26758
16.10000    301.50833
16.20000    297.85774
16.30000    304.06837
16.40000    295.24194
16.50000    305.35149
16.60000    304.66413
16.70000    301.77357
16.80000    310.08962
16.90000    291.70811
17.00000    308.22747
17.00000    310.17000
17.10000    314.56252
17.20000    307.87507
17.30000    297.60507
17.40000    304.09437
17.50000    300.60845
17.60000    300.67991
17.70000    307.32775
17.80000    304.17552
17.90000    294.32696
18.00000    305.97823
18.00000    302.72523
18.10000    302.09166
18.20000    304.78512
18.30000    290.23591
18.40000    307.10932
18.50000    292.06691
18.60000    302.31104
18.70000    310.25555
18.80000    292.92859
18.90000    302.36071
19.00000    302.24999
19.00000    300.70073
19.10000    299.01186
19.20000    297.25287
19.30000    297.09575
19.40000    304.25766
19.50000    291.91528
19.60000    298.72293
19.70000    297.75990
19.80000    296.66571
19.90000    295.45278
20.00000    291.04548
20.00000    295.06823
20.10000    303.95270
20.20000    302.63579
20.30000    312.74430
20.40000    299.40628
20.50000    297.61624
20.60000    305.18469
20.70000    296.55075
20.80000    304.21372
20.90000    307.83047
21.00000    299.78461
21.00000    297.94443
21.10000    297.01583
21.20000    295.40341
21.30000    308.00392
21.40000    301.32559
21.50000    299.68335
21.60000    305.51901
21.70000    307.69987
21.80000    319.13302
21.90000    301.57547
22.00000    303.29390
22.00000    305.07056
22.10000    303.41924
22.20000    305.42559
22.30000    296.83891
22.40000    303.81302
22.50000    304.83996
22.60000    298.36684
22.70000    297.11922
22.80000    306.82287
22.90000    296.93626
23.00000    308.31126
23.00000    305.90268
23.10000    299.27565
23.20000    301.20840
23.30000    294.89829
23.40000    297.81265
23.50000    294.66515
23.60000    292.98355
23.70000    301.98686
23.80000    304.45272
23.90000    288.95791
24.00000    301.56796
24.00000    307.72572
24.10000    303.32507
24.20000    302.60975
24.30000    300.26214
24.40000    308.39309
24.50000    303.80309
24.60000    301.19120
24.70000    310.32208
24.80000    308.92623
24.90000    294.62613
25.00000    296.03420
25.00000    286.45002
25.10000    291.84592
25.20000    294.08893
25.30000    295.37647
25.40000    290.92304
25.50000    298.70183
25.60000    297.02659
25.70000    301.40026
25.80000    293.09796
25.90000    292.71937
26.00000    295.18646
26.00000    301.94668
26.10000    309.43150
26.20000    288.10032
26.30000    310.34877
26.40000    314.78049
26.50000    297.82221
26.60000    297.73830
26.70000    290.98842
26.80000    307.81244
26.90000    294.09845
27.00000    304.88111
27.00000    302.66618
27.10000    296.37946
27.20000    302.62350
27.30000    304.93147
27.40000    298.54082
27.50000    291.40438
27.60000    301.78814
27.70000    302.92832
27.80000    309.51047
27.90000    303.38559
28.00000    304.45955
28.00000    307.69229
28.10000    316.08773
28.20000    297.13174
28.30000    307.26995
28.40000    301.63289
28.50000    301.96505
28.60000    297.08264
28.70000    297.53392
28.80000    292.11746
28.90000    289.05180
29.00000    300.01487
29.00000    297.08440
29.10000    296.97428
29.20000    306.49634
29.30000    302.73616
29.40000    300.37410
29.50000    297.18784
29.60000    303.56941
29.70000    291.82476
29.80000    298.12180
29.90000    291.53490
30.00000    289.90488
30.00000    293.21007
30.10000    300.87586
30.20000    303.18300
30.30000    313.91214
30.40000    307.39604
30.50000    301.71607
30.60000    305.13436
30.70000    307.04279
30.80000    295.14745
30.90000    298.87322
31.00000    302.40097
31.00000    297.27459
31.10000    303.40085
31.20000    307.06576
31.30000    300.20378
31.40000    304.57177
31.50000    302.97520
31.60000    296.91168
31.70000    294.42269
31.80000    297.12514
31.90000    302.85944
32.00000    310.13560
32.00000    309.65045
32.10000    300.73681
32.20000    305.37453
32.30000    291.60512
32.40000    306.49097
32.50000    305.49601
32.60000    281.84852
32.70000    295.95377
32.80000    298.47763
32.90000    299.61220
33.00000    296.69372
33.00000    299.29569
33.10000    299.50716
33.20000    294.16570
33.30000    310.15698
33.40000    308.25072
33.50000    298.41693
33.60000    307.68627
33.70000    297.34289
33.80000    302.58168
33.90000    305.94526
34.00000    302.99948
34.00000    301.69200
34.10000    297.24074
34.20000    299.32808
34.30000    300.62171
34.40000    295.52982
34.50000    299.91543
34.60000    303.24285
34.70000    301.13513
34.80000    305.96063
34.90000    298.56677
35.00000    301.12991
35.00000    305.66617
35.10000    305.01548
35.20000    318.55826
35.30000    305.68726
35.40000    302.79309
35.50000    311.18750
35.60000    304.80493
35.70000    300.61891
35.80000    309.37746
35.90000    303.86025
36.00000    307.78237
36.00000    304.42500
36.10000    306.74779
36.20000    297.94971
36.30000    296.93017
36.40000    302.58658
36.50000    297.35477
36.60000    301.35956
36.70000    303.95040
36.80000    293.33292
36.90000    296.49263
37.00000    296.25466
37.00000    298.08867
37.10000    288.58021
37.20000    302.34851
37.30000    295.93756
37.40000    312.97768
37.50000    298.52829
37.60000    295.71276
37.70000    308.81927
37.80000    296.25689
37.90000    303.45644
38.00000    294.76393
38.00000    292.71209
38.10000    303.92437
38.20000    296.42975
38.30000    304.33052
38.40000    305.51329
38.50000    304.29933
38.60000    295.68123
38.70000    305.47546
38.80000    301.93898
38.90000    287.60574
39.00000    314.11190
39.00000    310.72978
39.10000    297.16590
39.20000    304.85422
39.30000    304.58030
39.40000    303.76511
39.50000    299.43213
39.60000    291.32088
39.70000    294.29281
39.80000    295.65410
39.90000    286.34408
40.00000    302.47461
40.00000    304.82024
40.10000    307.89992
40.20000    299.42562
40.30000    303.92579
40.40000    306.03388
40.50000    306.07259
40.60000    303.86493
40.70000    298.92503
40.80000    290.96400
40.90000    297.23353
41.00000    299.62272
41.00000    292.92453
41.10000    295.63167
41.20000    295.68596
41.30000    304.17588
41.40000    292.36204
41.50000    298.49612
41.60000    298.06861
41.70000    309.92064
41.80000    305.28467
41.90000    309.89097
42.00000    300.15691
42.00000    306.75694
42.10000    303.74823
42.20000    300.58099
42.30000    299.61796
42.40000    313.93873
42.50000    305.20794
42.60000    304.33871
42.70000    308.97260
42.80000    288.34148
42.90000    300.18243
43.00000    297.12274
43.00000    297.17616
43.10000    298.98970
43.20000    305.47479
43.30000    305.88233
43.40000    313.17795
43.50000    306.93984
43.60000    296.51853
43.70000    301.43936
43.80000    315.04685
43.90000    296.92007
44.00000    298.14255
44.00000    297.19313
44.10000    292.66413
44.20000    305.06503
44.30000    305.43802
44.40000    303.85479
44.50000    302.86211
44.60000    303.34894
44.70000    295.41328
44.80000    306.13233
44.90000    305.19328
45.00000    300.22180
45.00000    303.55169
45.10000    303.16624
45.20000    299.46793
45.30000    307.31568
45.40000    311.32026
45.50000    308.81230
45.60000    290.08697
45.70000    303.95019
45.80000    296.70520
45.90000    300.45458
46.00000    304.86635
46.00000    304.42240
46.10000    305.55773
46.20000    307.88318
46.30000    301.45709
46.40000    295.00201
46.50000    302.51765
46.60000    293.19636
46.70000    307.74900
46.80000    301.25540
46.90000    301.18067
47.00000    309.55972
47.00000    310.83753
47.10000    289.88441
47.20000    291.04581
47.30000    298.21986
47.40000    300.66077
47.50000    300.12899
47.60000    300.52830
47.70000    302.40159
47.80000    300.44759
47.90000    308.03714
48.00000    299.98425
48.00000    294.57098
48.10000    297.40984
48.20000    301.16306
48.30000    301.68331
48.40000    309.49446
48.50000    310.33386
48.60000    297.16202
48.70000    306.11188
48.80000    301.73464
48.90000    298.12857
49.00000    298.43900
49.00000    302.98671
49.10000    297.46680
49.20000    303.01054
49.30000    295.38270
49.40000    297.37194
49.50000    297.66467
49.60000    307.60559
49.70000    301.79434
49.80000    287.25551
49.90000    296.96189
50.00000    298.09332
