DYNA>        0      0.00000    456.13147   1009.49496   -553.36349    375.46266
DYNA>      100      0.10000    459.45515    915.44209   -455.98694    340.48146
DYNA>      200      0.20000    458.83891    915.58329   -456.74438    340.53398
DYNA>      300      0.30000    457.08708    925.08307   -467.99599    344.06724
DYNA>      400      0.40000    460.32939    882.36687   -422.03748    328.17975
DYNA>      500      0.50000    460.25017    888.56490   -428.31473    330.48500
DYNA>      600      0.60000    459.48016    882.47181   -422.99165    328.21878
DYNA>      700      0.70000    460.17630    913.80770   -453.63140    339.87358
DYNA>      800      0.80000    460.49203    872.65167   -412.15964    324.56637
DYNA>      900      0.90000    460.44820    889.75059   -429.30239    330.92599
DYNA>     1000      1.00000    460.68075    911.50672   -450.82597    339.01777
DYNA>     1000      1.00000    286.35115    737.17712   -450.82597    274.17916
DYNA>     1100      1.10000    283.73798    815.50261   -531.76464    303.31085
DYNA>     1200      1.20000    283.47341    809.14271   -525.66930    300.94541
DYNA>     1300      1.30000    283.48863    828.29445   -544.80582    308.06853
DYNA>     1400      1.40000    283.09408    814.98291   -531.88884    303.11756
DYNA>     1500      1.50000    283.81698    797.47763   -513.66065    296.60680
DYNA>     1600      1.60000    283.12388    792.86449   -509.74061    294.89103
DYNA>     1700      1.70000    283.55833    810.65408   -527.09574    301.50753
DYNA>     1800      1.80000    283.88811    805.58608   -521.69797    299.62259
DYNA>     1900      1.90000    282.84140    824.85221   -542.01080    306.78826
DYNA>     2000      2.00000    283.64723    802.55280   -518.90558    298.49441
DYNA>     2000      2.00000    275.83258    794.73815   -518.90558    295.58790
DYNA>     2100      2.10000    274.63647    828.53300   -553.89653    308.15726
DYNA>     2200      2.20000    274.13142    832.88478   -558.75336    309.77582
DYNA>     2300      2.30000    275.76857    792.10735   -516.33878    294.60943
DYNA>     2400      2.40000    275.89629    786.11827   -510.22197    292.38190
DYNA>     2500      2.50000    274.87670    808.57380   -533.69709    300.73381
DYNA>     2600      2.60000    274.33227    827.44771   -553.11544    307.75361
DYNA>     2700      2.70000    275.45476    788.61018   -513.15542    293.30872
DYNA>     2800      2.80000    275.67298    811.54349   -535.87050    301.83833
DYNA>     2900      2.90000    275.59166    789.38165   -513.78999    293.59565
DYNA>     3000      3.00000    275.87624    801.90278   -526.02654    298.25265
DYNA>     3000      3.00000    286.09429    812.12083   -526.02654    302.05306
DYNA>     3100      3.10000    286.84795    793.01405   -506.16611    294.94666
DYNA>     3200      3.20000    285.60019    816.50059   -530.90040    303.68203
DYNA>     3300      3.30000    285.12232    809.37842   -524.25610    301.03307
DYNA>     3400      3.40000    285.11189    822.43190   -537.32001    305.88807
DYNA>     3500      3.50000    285.65955    801.52061   -515.86106    298.11051
DYNA>     3600      3.60000    286.15996    793.54758   -507.38762    295.14509
DYNA>     3700      3.70000    284.59701    846.50400   -561.90699    314.84123
DYNA>     3800      3.80000    285.24456    815.25462   -530.01006    303.21862
DYNA>     3900      3.90000    284.50560    823.65057   -539.14498    306.34133
DYNA>     4000      4.00000    285.52046    791.14989   -505.62943    294.25332
DYNA>     4000      4.00000    289.70659    795.33602   -505.62943    295.81027
DYNA>     4100      4.10000    289.98905    795.39714   -505.40810    295.83300
DYNA>     4200      4.20000    289.39979    811.58712   -522.18733    301.85456
DYNA>     4300      4.30000    289.57771    814.76769   -525.18998    303.03751
DYNA>     4400      4.40000    289.78133    811.60097   -521.81964    301.85971
DYNA>     4500      4.50000    290.38001    798.80697   -508.42697    297.10122
DYNA>     4600      4.60000    289.24047    816.85808   -527.61760    303.81499
DYNA>     4700      4.70000    289.28574    821.35825   -532.07252    305.48875
DYNA>     4800      4.80000    289.73705    805.26039   -515.52334    299.50145
DYNA>     4900      4.90000    289.41744    819.34291   -529.92547    304.73918
DYNA>     5000      5.00000    289.68817    823.56608   -533.87792    306.30991
DYNA>     5000      5.00000    291.13000    825.00792   -533.87792    306.84617
DYNA>     5100      5.10000    290.44902    795.88279   -505.43376    296.01363
DYNA>     5200      5.20000    290.26165    820.79294   -530.53129    305.27849
DYNA>     5300      5.30000    290.62628    815.22780   -524.60152    303.20864
DYNA>     5400      5.40000    290.28415    834.80414   -544.51998    310.48969
DYNA>     5500      5.50000    290.85632    800.32749   -509.47116    297.66675
DYNA>     5600      5.60000    290.48801    817.09196   -526.60395    303.90198
DYNA>     5700      5.70000    290.54560    833.08139   -542.53579    309.84895
DYNA>     5800      5.80000    290.72613    807.86557   -517.13944    300.47040
DYNA>     5900      5.90000    290.21373    817.96432   -527.75058    304.22644
DYNA>     6000      6.00000    291.16029    799.30452   -508.14423    297.28628
DYNA>     6000      6.00000    282.15266    790.29689   -508.14423    293.93606
DYNA>     6100      6.10000    280.89191    811.18534   -530.29343    301.70512
DYNA>     6200      6.20000    281.22462    801.88313   -520.65851    298.24534
DYNA>     6300      6.30000    281.98388    798.89073   -516.90685    297.13237
DYNA>     6400      6.40000    281.93203    791.55813   -509.62609    294.40515
DYNA>     6500      6.50000    281.06387    828.23126   -547.16739    308.04503
DYNA>     6600      6.60000    281.46880    801.97353   -520.50473    298.27896
DYNA>     6700      6.70000    282.20462    802.95687   -520.75224    298.64470
DYNA>     6800      6.80000    281.41418    815.82184   -534.40766    303.42958
DYNA>     6900      6.90000    281.10561    800.31081   -519.20520    297.66055
DYNA>     7000      7.00000    282.05407    804.13273   -522.07867    299.08204
DYNA>     7000      7.00000    282.17498    804.25365   -522.07867    299.12701
DYNA>     7100      7.10000    282.08358    799.15624   -517.07266    297.23113
DYNA>     7200      7.20000    280.91624    796.47128   -515.55504    296.23251
DYNA>     7300      7.30000    281.44620    804.00917   -522.56297    299.03608
DYNA>     7400      7.40000    281.58379    810.65775   -529.07395    301.50889
DYNA>     7500      7.50000    280.22262    839.33514   -559.11252    312.17491
DYNA>     7600      7.60000    281.39231    790.12626   -508.73395    293.87260
DYNA>     7700      7.70000    281.53093    812.12695   -530.59603    302.05534
DYNA>     7800      7.80000    280.49009    826.71710   -546.22701    307.48187
DYNA>     7900      7.90000    282.35919    794.66235   -512.30315    295.55971
DYNA>     8000      8.00000    281.56295    804.81122   -523.24827    299.33439
DYNA>     8000      8.00000    283.14843    806.39670   -523.24827    299.92408
DYNA>     8100      8.10000    283.39041    809.97355   -526.58314    301.25442
DYNA>     8200      8.20000    282.80660    830.17251   -547.36592    308.76705
DYNA>     8300      8.30000    283.50529    800.10554   -516.60024    297.58420
DYNA>     8400      8.40000    282.52145    850.64891   -568.12746    316.38285
DYNA>     8500      8.50000    282.91042    806.05310   -523.14268    299.79628
DYNA>     8600      8.60000    283.44132    794.85971   -511.41839    295.63311
DYNA>     8700      8.70000    283.08098    796.62437   -513.54340    296.28945
DYNA>     8800      8.80000    282.52938    824.71007   -542.18068    306.73539
DYNA>     8900      8.90000    283.01113    787.46113   -504.45000    292.88135
DYNA>     9000      9.00000    282.03268    831.71280   -549.68012    309.33993
DYNA>     9000      9.00000    279.65570    829.33582   -549.68012    308.45585
DYNA>     9100      9.10000    280.38639    794.19979   -513.81341    295.38767
DYNA>     9200      9.20000    281.47931    794.57937   -513.10006    295.52885
DYNA>     9300      9.30000    280.47494    787.72866   -507.25372    292.98085
DYNA>     9400      9.40000    280.66278    797.01775   -516.35497    296.43575
DYNA>     9500      9.50000    279.86036    806.12852   -526.26816    299.82433
DYNA>     9600      9.60000    279.84620    805.91929   -526.07308    299.74651
DYNA>     9700      9.70000    281.00922    797.77866   -516.76944    296.71876
DYNA>     9800      9.80000    280.45486    807.65103   -527.19617    300.39060
DYNA>     9900      9.90000    279.30434    833.33988   -554.03554    309.94509
DYNA>    10000     10.00000    280.39813    790.17695   -509.77881    293.89145
DYNA>    10000     10.00000    287.52516    797.30398   -509.77881    296.54221
DYNA>    10100     10.10000    287.11807    821.73320   -534.61513    305.62820
DYNA>    10200     10.20000    287.48842    806.80141   -519.31299    300.07460
DYNA>    10300     10.30000    286.31104    836.61221   -550.30117    311.16217
DYNA>    10400     10.40000    287.40991    846.88466   -559.47474    314.98281
DYNA>    10500     10.50000    287.71087    791.67379   -503.96292    294.44817
DYNA>    10600     10.60000    287.11567    785.23142   -498.11576    292.05205
DYNA>    10700     10.70000    287.21904    808.12282   -520.90378    300.56608
DYNA>    10800     10.80000    286.15237    789.07384   -502.92147    293.48117
DYNA>    10900     10.90000    287.84364    800.95271   -513.10907    297.89929
DYNA>    11000     11.00000    287.76532    811.05781   -523.29249    301.65769
DYNA>    11000     11.00000    288.71573    812.00822   -523.29249    302.01118
DYNA>    11100     11.10000    287.58850    836.67107   -549.08257    311.18406
DYNA>    11200     11.20000    288.32849    834.29896   -545.97047    310.30180
DYNA>    11300     11.30000    288.68337    817.62783   -528.94446    304.10129
DYNA>    11400     11.40000    287.69255    811.16694   -523.47439    301.69828
DYNA>    11500     11.50000    287.99358    839.39522   -551.40164    312.19726
DYNA>    11600     11.60000    288.42745    831.05759   -542.63013    309.09623
DYNA>    11700     11.70000    287.33980    842.10133   -554.76153    313.20374
DYNA>    11800     11.80000    287.29483    831.88060   -544.58577    309.40233
DYNA>    11900     11.90000    289.40575    790.98348   -501.57773    294.19142
DYNA>    12000     12.00000    287.29693    826.54179   -539.24486    307.41667
DYNA>    12000     12.00000    275.69384    814.93869   -539.24486    303.10111
DYNA>    12100     12.10000    276.15967    796.16917   -520.00950    296.12014
DYNA>    12200     12.20000    276.50619    813.37255   -536.86637    302.51862
DYNA>    12300     12.30000    275.26392    847.96447   -572.70055    315.38443
DYNA>    12400     12.40000    276.43165    804.10340   -527.67175    299.07113
DYNA>    12500     12.50000    276.09827    815.97573   -539.87747    303.48682
DYNA>    12600     12.60000    275.88162    819.40160   -543.51999    304.76101
DYNA>    12700     12.70000    275.75018    826.18760   -550.43741    307.28493
DYNA>    12800     12.80000    276.39373    832.23048   -555.83676    309.53247
DYNA>    12900     12.90000    277.56847    792.73604   -515.16757    294.84325
DYNA>    13000     13.00000    275.85279    798.66275   -522.80996    297.04758
DYNA>    13000     13.00000    281.36600    804.17596   -522.80996    299.09811
DYNA>    13100     13.10000    281.58299    795.56389   -513.98090    295.89502
DYNA>    13200     13.20000    281.44560    824.47941   -543.03381    306.64960
DYNA>    13300     13.30000    281.90737    813.37540   -531.46803    302.51968
DYNA>    13400     13.40000    281.85823    814.58065   -532.72242    302.96795
DYNA>    13500     13.50000    281.77633    778.25960   -496.48328    289.45902
DYNA>    13600     13.60000    281.57920    811.92961   -530.35040    301.98194
DYNA>    13700     13.70000    281.43283    814.19101   -532.75818    302.82303
DYNA>    13800     13.80000    280.92730    826.37751   -545.45021    307.35556
DYNA>    13900     13.90000    281.75107    793.94794   -512.19687    295.29400
DYNA>    14000     14.00000    281.72455    808.28931   -526.56476    300.62800
DYNA>    14000     14.00000    280.03986    806.60462   -526.56476    300.00141
DYNA>    14100     14.10000    279.69775    813.34952   -533.65177    302.51005
DYNA>    14200     14.20000    279.47600    807.63392   -528.15792    300.38424
DYNA>    14300     14.30000    279.00010    818.77105   -539.77095    304.52649
DYNA>    14400     14.40000    279.75842    816.19992   -536.44150    303.57020
DYNA>    14500     14.50000    279.85554    791.37309   -511.51755    294.33633
DYNA>    14600     14.60000    280.05179    807.21368   -527.16189    300.22794
DYNA>    14700     14.70000    279.93275    796.39177   -516.45901    296.20293
DYNA>    14800     14.80000    279.99172    807.16037   -527.16865    300.20811
DYNA>    14900     14.90000    280.01557    797.07079   -517.05522    296.45548
DYNA>    15000     15.00000    280.34362    806.43214   -526.08852    299.93726
DYNA>    15000     15.00000    281.98556    808.07408   -526.08852    300.54795
DYNA>    15100     15.10000    281.52644    806.47112   -524.94467    299.95176
DYNA>    15200     15.20000    281.34621    812.48426   -531.13805    302.18823
DYNA>    15300     15.30000    281.82329    787.74978   -505.92650    292.98871
DYNA>    15400     15.40000    281.86874    814.15360   -532.28486    302.80911
DYNA>    15500     15.50000    281.06634    800.37538   -519.30904    297.68456
DYNA>    15600     15.60000    280.75235    808.45258   -527.70023    300.68873
DYNA>    15700     15.70000    281.96874    828.62302   -546.65428    308.19074
DYNA>    15800     15.80000    280.51497    803.98195   -523.46698    299.02596
DYNA>    15900     15.90000    281.18081    807.64950   -526.46868    300.39003
DYNA>    16000     16.00000    281.16386    800.63637   -519.47252    297.78163
DYNA>    16000     16.00000    287.01090    806.48341   -519.47252    299.95633
DYNA>    16100     16.10000    287.16803    784.90742   -497.73939    291.93154
DYNA>    16200     16.20000    287.12491    811.46699   -524.34208    301.80988
DYNA>    16300     16.30000    286.73910    802.18829   -515.44919    298.35884
DYNA>    16400     16.40000    287.13979    808.44825   -521.30846    300.68711
DYNA>    16500     16.50000    288.59949    784.46372   -495.86423    291.76652
DYNA>    16600     16.60000    286.75665    821.44920   -534.69255    305.52257
DYNA>    16700     16.70000    287.22890    815.05359   -527.82469    303.14385
DYNA>    16800     16.80000    288.10665    792.17665   -504.07000    294.63520
DYNA>    16900     16.90000    286.60265    827.15868   -540.55603    307.64611
DYNA>    17000     17.00000    286.83293    795.60186   -508.76893    295.90914
DYNA>    17000     17.00000    279.10169    787.87063   -508.76893    293.03365
DYNA>    17100     17.10000    279.31538    805.33232   -526.01694    299.52820
DYNA>    17200     17.20000    278.13486    815.24201   -537.10715    303.21393
DYNA>    17300     17.30000    278.85226    812.92447   -534.07221    302.35196
DYNA>    17400     17.40000    279.14806    778.42513   -499.27707    289.52058
DYNA>    17500     17.50000    278.55988    793.94699   -515.38712    295.29365
DYNA>    17600     17.60000    278.63305    804.42242   -525.78937    299.18978
DYNA>    17700     17.70000    279.41023    803.90976   -524.49954    298.99911
DYNA>    17800     17.80000    278.35871    827.57182   -549.21311    307.79977
DYNA>    17900     17.90000    278.92446    821.22468   -542.30022    305.43907
DYNA>    18000     18.00000    278.94265    822.08140   -543.13874    305.75771
DYNA>    18000     18.00000    287.77357    830.91232   -543.13874    309.04220
DYNA>    18100     18.10000    287.91116    754.95102   -467.03986    280.78983
DYNA>    18200     18.20000    287.92347    824.94679   -537.02332    306.82343
DYNA>    18300     18.30000    288.34069    788.52228   -500.18159    293.27603
DYNA>    18400     18.40000    288.83691    778.17773   -489.34083    289.42856
DYNA>    18500     18.50000    288.60572    791.62383   -503.01811    294.42959
DYNA>    18600     18.60000    288.57933    813.90920   -525.32987    302.71821
DYNA>    18700     18.70000    288.70803    811.01299   -522.30495    301.64102
DYNA>    18800     18.80000    287.92802    802.91797   -514.98995    298.63023
DYNA>    18900     18.90000    288.96034    805.41668   -516.45634    299.55958
DYNA>    19000     19.00000    287.57246    838.07022   -550.49777    311.70445
DYNA>    19000     19.00000    291.34381    841.84158   -550.49777    313.10713
DYNA>    19100     19.10000    291.36894    781.73678   -490.36784    290.75229
DYNA>    19200     19.20000    291.39669    808.08257   -516.68588    300.55111
DYNA>    19300     19.30000    290.38314    829.35490   -538.97176    308.46295
DYNA>    19400     19.40000    291.02525    806.58712   -515.56187    299.99490
DYNA>    19500     19.50000    291.11381    814.51320   -523.39939    302.94286
DYNA>    19600     19.60000    290.42257    828.72438   -538.30181    308.22844
DYNA>    19700     19.70000    291.29378    822.35773   -531.06395    305.86048
DYNA>    19800     19.80000    292.09062    795.59143   -503.50082    295.90526
DYNA>    19900     19.90000    291.56307    816.99727   -525.43420    303.86676
DYNA>    20000     20.00000    291.70252    809.43577   -517.73325    301.05440
